0.0,1.0
0.0,1.0
0.0,1.0
0.0,1.0
0.0,1.0
0.0,1.0
0.0,1.0
0.0,1.0
0.0,1.0
0.0,1.0
0.0,1.0
0.0,1.0
0.0,1.0
0.0,1.0
0.0,1.0
0.0,1.0
0.009523809523809525,1.0
0.009523809523809525,1.0
0.009523809523809525,1.0
0.009523809523809525,1.0
0.009523809523809525,1.0
0.009523809523809525,1.0
0.009523809523809525,1.0
0.009523809523809525,1.0
0.009523809523809525,0.5
0.009523809523809525,0.5
0.009523809523809525,0.5
0.01904761904761905,0.6666666666666666
0.01904761904761905,0.5
0.01904761904761905,0.5
0.01904761904761905,0.5
0.01904761904761905,0.5
0.01904761904761905,0.5
0.01904761904761905,0.5
0.01904761904761905,0.5
0.01904761904761905,0.5
0.02857142857142857,0.6
0.02857142857142857,0.6
0.02857142857142857,0.6
0.02857142857142857,0.6
0.02857142857142857,0.6
0.02857142857142857,0.6
0.02857142857142857,0.6
0.02857142857142857,0.6
0.02857142857142857,0.6
0.02857142857142857,0.6
0.02857142857142857,0.6
0.0380952380952381,0.6666666666666666
0.0380952380952381,0.6666666666666666
0.0380952380952381,0.6666666666666666
0.0380952380952381,0.6666666666666666
0.0380952380952381,0.6666666666666666
0.0380952380952381,0.6666666666666666
0.0380952380952381,0.5714285714285714
0.0380952380952381,0.5714285714285714
0.0380952380952381,0.5
0.0380952380952381,0.5
0.0380952380952381,0.5
0.047619047619047616,0.5555555555555556
0.047619047619047616,0.5555555555555556
0.047619047619047616,0.5555555555555556
0.047619047619047616,0.5555555555555556
0.05714285714285714,0.6
0.06666666666666667,0.6363636363636364
0.06666666666666667,0.6363636363636364
0.06666666666666667,0.6363636363636364
0.06666666666666667,0.6363636363636364
0.06666666666666667,0.6363636363636364
0.06666666666666667,0.6363636363636364
0.06666666666666667,0.6363636363636364
0.06666666666666667,0.6363636363636364
0.06666666666666667,0.6363636363636364
0.06666666666666667,0.6363636363636364
0.06666666666666667,0.6363636363636364
0.06666666666666667,0.6363636363636364
0.0761904761904762,0.6666666666666666
0.0761904761904762,0.6153846153846154
0.0761904761904762,0.5714285714285714
0.0761904761904762,0.5333333333333333
0.0761904761904762,0.5
0.0761904761904762,0.5
0.0761904761904762,0.5
0.0761904761904762,0.5
0.0761904761904762,0.5
0.0761904761904762,0.5
0.0761904761904762,0.5
0.0761904761904762,0.5
0.0761904761904762,0.5
0.0761904761904762,0.5
0.0761904761904762,0.47058823529411764
0.0761904761904762,0.47058823529411764
0.08571428571428572,0.5
0.08571428571428572,0.5
0.09523809523809523,0.5263157894736842
0.09523809523809523,0.5263157894736842
0.09523809523809523,0.5263157894736842
0.09523809523809523,0.5263157894736842
0.09523809523809523,0.5
0.09523809523809523,0.5
0.09523809523809523,0.5
0.09523809523809523,0.5
0.09523809523809523,0.47619047619047616
0.09523809523809523,0.47619047619047616
0.09523809523809523,0.45454545454545453
0.09523809523809523,0.45454545454545453
0.10476190476190476,0.4782608695652174
0.10476190476190476,0.4782608695652174
0.11428571428571428,0.5
0.11428571428571428,0.5
0.11428571428571428,0.48
0.12380952380952381,0.5
0.12380952380952381,0.48148148148148145
0.12380952380952381,0.48148148148148145
0.12380952380952381,0.48148148148148145
0.12380952380952381,0.4642857142857143
0.12380952380952381,0.4642857142857143
0.12380952380952381,0.4642857142857143
0.12380952380952381,0.4642857142857143
0.12380952380952381,0.4482758620689655
0.12380952380952381,0.4482758620689655
0.13333333333333333,0.4666666666666667
0.14285714285714285,0.4838709677419355
0.14285714285714285,0.4838709677419355
0.14285714285714285,0.4838709677419355
0.14285714285714285,0.4838709677419355
0.14285714285714285,0.4838709677419355
0.14285714285714285,0.4838709677419355
0.14285714285714285,0.4838709677419355
0.1523809523809524,0.5
0.1523809523809524,0.5
0.1523809523809524,0.5
0.1523809523809524,0.5
0.1523809523809524,0.5
0.1619047619047619,0.5151515151515151
0.1619047619047619,0.5151515151515151
0.1619047619047619,0.5151515151515151
0.1619047619047619,0.5151515151515151
0.1619047619047619,0.5151515151515151
0.1619047619047619,0.5151515151515151
0.1619047619047619,0.5151515151515151
0.1619047619047619,0.5151515151515151
0.1619047619047619,0.5151515151515151
0.1619047619047619,0.5151515151515151
0.1619047619047619,0.5151515151515151
0.1619047619047619,0.5
0.1619047619047619,0.5
0.1619047619047619,0.5
0.1619047619047619,0.5
0.1619047619047619,0.5
0.17142857142857143,0.5142857142857142
0.17142857142857143,0.5142857142857142
0.17142857142857143,0.5142857142857142
0.18095238095238095,0.5277777777777778
0.18095238095238095,0.5135135135135135
0.18095238095238095,0.5135135135135135
0.18095238095238095,0.5135135135135135
0.18095238095238095,0.5135135135135135
0.18095238095238095,0.5135135135135135
0.18095238095238095,0.5135135135135135
0.18095238095238095,0.5135135135135135
0.18095238095238095,0.5
0.18095238095238095,0.5
0.18095238095238095,0.48717948717948717
0.19047619047619047,0.5
0.19047619047619047,0.5
0.19047619047619047,0.5
0.19047619047619047,0.5
0.19047619047619047,0.5
0.19047619047619047,0.4878048780487805
0.19047619047619047,0.4878048780487805
0.19047619047619047,0.4878048780487805
0.19047619047619047,0.47619047619047616
0.19047619047619047,0.47619047619047616
0.19047619047619047,0.47619047619047616
0.19047619047619047,0.47619047619047616
0.2,0.4883720930232558
0.2,0.4772727272727273
0.2,0.4772727272727273
0.2,0.4772727272727273
0.2,0.4666666666666667
0.2,0.45652173913043476
0.2,0.45652173913043476
0.2,0.45652173913043476
0.2,0.44680851063829785
0.2,0.44680851063829785
0.2,0.44680851063829785
0.2,0.4375
0.2,0.4375
0.2,0.4375
0.2,0.4375
0.2,0.4375
0.2,0.4375
0.20952380952380953,0.4489795918367347
0.20952380952380953,0.4489795918367347
0.20952380952380953,0.4489795918367347
0.20952380952380953,0.4489795918367347
0.20952380952380953,0.44
0.20952380952380953,0.44
0.21904761904761905,0.45098039215686275
0.21904761904761905,0.45098039215686275
0.21904761904761905,0.4423076923076923
0.21904761904761905,0.4423076923076923
0.21904761904761905,0.4423076923076923
0.21904761904761905,0.4423076923076923
0.21904761904761905,0.4423076923076923
0.21904761904761905,0.4423076923076923
0.21904761904761905,0.4423076923076923
0.21904761904761905,0.4423076923076923
0.21904761904761905,0.4423076923076923
0.21904761904761905,0.4339622641509434
0.21904761904761905,0.4339622641509434
0.21904761904761905,0.4339622641509434
0.22857142857142856,0.4444444444444444
0.22857142857142856,0.4444444444444444
0.22857142857142856,0.43636363636363634
0.22857142857142856,0.42857142857142855
0.22857142857142856,0.42105263157894735
0.22857142857142856,0.42105263157894735
0.22857142857142856,0.42105263157894735
0.22857142857142856,0.42105263157894735
0.22857142857142856,0.42105263157894735
0.22857142857142856,0.42105263157894735
0.22857142857142856,0.42105263157894735
0.22857142857142856,0.42105263157894735
0.22857142857142856,0.41379310344827586
0.22857142857142856,0.41379310344827586
0.22857142857142856,0.41379310344827586
0.22857142857142856,0.4067796610169492
0.22857142857142856,0.4067796610169492
0.22857142857142856,0.4067796610169492
0.22857142857142856,0.4067796610169492
0.22857142857142856,0.4067796610169492
0.22857142857142856,0.4
0.22857142857142856,0.4
0.22857142857142856,0.39344262295081966
0.22857142857142856,0.39344262295081966
0.23809523809523808,0.4032258064516129
0.23809523809523808,0.4032258064516129
0.23809523809523808,0.3968253968253968
0.23809523809523808,0.3968253968253968
0.23809523809523808,0.3968253968253968
0.23809523809523808,0.3968253968253968
0.23809523809523808,0.3968253968253968
0.23809523809523808,0.390625
0.23809523809523808,0.390625
0.23809523809523808,0.38461538461538464
0.24761904761904763,0.3939393939393939
0.24761904761904763,0.3939393939393939
0.24761904761904763,0.3939393939393939
0.24761904761904763,0.3880597014925373
0.24761904761904763,0.38235294117647056
0.24761904761904763,0.38235294117647056
0.24761904761904763,0.38235294117647056
0.24761904761904763,0.37681159420289856
0.24761904761904763,0.37681159420289856
0.24761904761904763,0.37681159420289856
0.24761904761904763,0.37681159420289856
0.24761904761904763,0.37681159420289856
0.24761904761904763,0.37681159420289856
0.24761904761904763,0.37142857142857144
0.24761904761904763,0.36619718309859156
0.24761904761904763,0.36619718309859156
0.24761904761904763,0.36619718309859156
0.24761904761904763,0.36619718309859156
0.24761904761904763,0.36619718309859156
0.24761904761904763,0.36619718309859156
0.24761904761904763,0.36619718309859156
0.24761904761904763,0.36619718309859156
0.24761904761904763,0.3611111111111111
0.24761904761904763,0.3611111111111111
0.24761904761904763,0.3611111111111111
0.24761904761904763,0.3611111111111111
0.2571428571428571,0.3698630136986301
0.2571428571428571,0.3698630136986301
0.2571428571428571,0.36486486486486486
0.2571428571428571,0.36
0.2571428571428571,0.36
0.2571428571428571,0.35526315789473684
0.2571428571428571,0.35526315789473684
0.2571428571428571,0.35526315789473684
0.2571428571428571,0.35526315789473684
0.2571428571428571,0.35526315789473684
0.26666666666666666,0.36363636363636365
0.26666666666666666,0.36363636363636365
0.26666666666666666,0.36363636363636365
0.26666666666666666,0.36363636363636365
0.26666666666666666,0.358974358974359
0.26666666666666666,0.35443037974683544
0.26666666666666666,0.35443037974683544
0.26666666666666666,0.35443037974683544
0.26666666666666666,0.35443037974683544
0.26666666666666666,0.35
0.26666666666666666,0.35
0.26666666666666666,0.35
0.26666666666666666,0.35
0.26666666666666666,0.35
0.26666666666666666,0.345679012345679
0.26666666666666666,0.34146341463414637
0.2761904761904762,0.3493975903614458
0.2761904761904762,0.3493975903614458
0.2761904761904762,0.3493975903614458
0.2761904761904762,0.3493975903614458
0.2761904761904762,0.3493975903614458
0.2761904761904762,0.34523809523809523
0.2761904761904762,0.3411764705882353
0.2761904761904762,0.3372093023255814
0.2761904761904762,0.3372093023255814
0.2857142857142857,0.3448275862068966
0.2857142857142857,0.3448275862068966
0.2857142857142857,0.3448275862068966
0.2857142857142857,0.3448275862068966
0.29523809523809524,0.3522727272727273
0.29523809523809524,0.3522727272727273
0.29523809523809524,0.3522727272727273
0.3047619047619048,0.3595505617977528
0.3047619047619048,0.35555555555555557
0.3047619047619048,0.35555555555555557
0.3047619047619048,0.35555555555555557
0.3047619047619048,0.35555555555555557
0.3047619047619048,0.3516483516483517
0.3142857142857143,0.358695652173913
0.3142857142857143,0.358695652173913
0.3142857142857143,0.358695652173913
0.3142857142857143,0.358695652173913
0.3142857142857143,0.358695652173913
0.3142857142857143,0.358695652173913
0.3142857142857143,0.358695652173913
0.3142857142857143,0.358695652173913
0.3142857142857143,0.358695652173913
0.3142857142857143,0.358695652173913
0.3238095238095238,0.3655913978494624
0.3238095238095238,0.3655913978494624
0.3238095238095238,0.3655913978494624
0.3238095238095238,0.3655913978494624
0.3238095238095238,0.3617021276595745
0.3238095238095238,0.3617021276595745
0.3238095238095238,0.3617021276595745
0.3238095238095238,0.3617021276595745
0.3238095238095238,0.3617021276595745
0.3238095238095238,0.35789473684210527
0.3238095238095238,0.35789473684210527
0.3238095238095238,0.3541666666666667
0.3333333333333333,0.36082474226804123
0.3333333333333333,0.36082474226804123
0.3333333333333333,0.35714285714285715
0.34285714285714286,0.36363636363636365
0.34285714285714286,0.36
0.34285714285714286,0.36
0.34285714285714286,0.36
0.34285714285714286,0.36
0.34285714285714286,0.36
0.34285714285714286,0.36
0.34285714285714286,0.3564356435643564
0.34285714285714286,0.35294117647058826
0.34285714285714286,0.35294117647058826
0.34285714285714286,0.34951456310679613
0.34285714285714286,0.34951456310679613
0.34285714285714286,0.34615384615384615
0.34285714285714286,0.34285714285714286
0.34285714285714286,0.34285714285714286
0.34285714285714286,0.33962264150943394
0.34285714285714286,0.3364485981308411
0.34285714285714286,0.3333333333333333
0.34285714285714286,0.3333333333333333
0.34285714285714286,0.3302752293577982
0.3523809523809524,0.33636363636363636
0.3523809523809524,0.33636363636363636
0.3523809523809524,0.33636363636363636
0.3523809523809524,0.33636363636363636
0.3523809523809524,0.33636363636363636
0.3523809523809524,0.33636363636363636
0.3523809523809524,0.3333333333333333
0.3523809523809524,0.3333333333333333
0.3523809523809524,0.33035714285714285
0.3523809523809524,0.33035714285714285
0.3523809523809524,0.33035714285714285
0.3523809523809524,0.3274336283185841
0.3523809523809524,0.3274336283185841
0.3523809523809524,0.3274336283185841
0.3523809523809524,0.3274336283185841
0.3523809523809524,0.32456140350877194
0.3523809523809524,0.32456140350877194
0.3523809523809524,0.3217391304347826
0.3523809523809524,0.31896551724137934
0.3523809523809524,0.31896551724137934
0.3523809523809524,0.3162393162393162
0.3523809523809524,0.3135593220338983
0.3523809523809524,0.3135593220338983
0.3619047619047619,0.31932773109243695
0.3619047619047619,0.31666666666666665
0.3619047619047619,0.31666666666666665
0.3619047619047619,0.31666666666666665
0.37142857142857144,0.32231404958677684
0.37142857142857144,0.319672131147541
0.37142857142857144,0.3170731707317073
0.37142857142857144,0.31451612903225806
0.38095238095238093,0.32
0.38095238095238093,0.32
0.38095238095238093,0.31746031746031744
0.38095238095238093,0.31496062992125984
0.38095238095238093,0.31496062992125984
0.38095238095238093,0.3125
0.38095238095238093,0.3125
0.38095238095238093,0.31007751937984496
0.38095238095238093,0.31007751937984496
0.38095238095238093,0.31007751937984496
0.38095238095238093,0.31007751937984496
0.38095238095238093,0.31007751937984496
0.3904761904761905,0.3153846153846154
0.4,0.32061068702290074
0.4,0.32061068702290074
0.4,0.3181818181818182
0.4,0.3181818181818182
0.4,0.3157894736842105
0.4,0.3157894736842105
0.4,0.31343283582089554
0.4,0.31343283582089554
0.4,0.31343283582089554
0.4,0.3111111111111111
0.4,0.3088235294117647
0.4,0.30656934306569344
0.4,0.30656934306569344
0.4,0.30434782608695654
0.4,0.30434782608695654
0.4,0.302158273381295
0.4,0.3
0.4,0.3
0.4,0.3
0.4,0.2978723404255319
0.4,0.29577464788732394
0.4,0.2937062937062937
0.4,0.2937062937062937
0.4,0.2916666666666667
0.4,0.2896551724137931
0.4,0.2876712328767123
0.4,0.2857142857142857
0.4,0.2857142857142857
0.4,0.28378378378378377
0.4,0.28187919463087246
0.4,0.28
0.4,0.28
0.4,0.28
0.4,0.28
0.4,0.28
0.4,0.28
0.4,0.28
0.4,0.2781456953642384
0.4,0.2781456953642384
0.4,0.2781456953642384
0.4,0.2781456953642384
0.4,0.2781456953642384
0.4,0.27631578947368424
0.4,0.27450980392156865
0.4,0.2727272727272727
0.4,0.2709677419354839
0.4,0.2709677419354839
0.4,0.2692307692307692
0.4,0.267515923566879
0.4,0.26582278481012656
0.4,0.26582278481012656
0.4,0.2641509433962264
0.4,0.2625
0.4,0.2625
0.4,0.2625
0.4,0.2625
0.4,0.2625
0.4,0.2608695652173913
0.4095238095238095,0.2654320987654321
0.4095238095238095,0.26380368098159507
0.4095238095238095,0.2621951219512195
0.4095238095238095,0.2606060606060606
0.4095238095238095,0.25903614457831325
0.4095238095238095,0.25903614457831325
0.4095238095238095,0.25748502994011974
0.4095238095238095,0.25748502994011974
0.4095238095238095,0.25748502994011974
0.41904761904761906,0.2619047619047619
0.41904761904761906,0.2619047619047619
0.42857142857142855,0.26627218934911245
0.42857142857142855,0.26627218934911245
0.42857142857142855,0.2647058823529412
0.42857142857142855,0.2631578947368421
0.42857142857142855,0.2616279069767442
0.42857142857142855,0.2616279069767442
0.42857142857142855,0.2616279069767442
0.42857142857142855,0.2616279069767442
0.42857142857142855,0.2616279069767442
0.4380952380952381,0.2658959537572254
0.4380952380952381,0.2658959537572254
0.4380952380952381,0.2658959537572254
0.4380952380952381,0.2658959537572254
0.4380952380952381,0.26436781609195403
0.44761904761904764,0.26857142857142857
0.44761904761904764,0.26857142857142857
0.44761904761904764,0.26704545454545453
0.44761904761904764,0.26704545454545453
0.44761904761904764,0.2655367231638418
0.44761904761904764,0.2640449438202247
0.44761904761904764,0.2640449438202247
0.45714285714285713,0.2681564245810056
0.45714285714285713,0.2681564245810056
0.45714285714285713,0.2681564245810056
0.45714285714285713,0.26666666666666666
0.45714285714285713,0.26666666666666666
0.45714285714285713,0.26519337016574585
0.45714285714285713,0.26519337016574585
0.45714285714285713,0.26519337016574585
0.45714285714285713,0.26519337016574585
0.45714285714285713,0.26519337016574585
0.45714285714285713,0.26373626373626374
0.45714285714285713,0.26373626373626374
0.45714285714285713,0.26373626373626374
0.45714285714285713,0.26373626373626374
0.45714285714285713,0.26373626373626374
0.45714285714285713,0.26373626373626374
0.45714285714285713,0.26373626373626374
0.45714285714285713,0.26229508196721313
0.45714285714285713,0.26229508196721313
0.4666666666666667,0.266304347826087
0.4666666666666667,0.266304347826087
0.47619047619047616,0.2702702702702703
0.47619047619047616,0.2702702702702703
0.47619047619047616,0.26881720430107525
0.47619047619047616,0.26881720430107525
0.4857142857142857,0.2727272727272727
0.4857142857142857,0.2712765957446808
0.4857142857142857,0.2712765957446808
0.4857142857142857,0.2698412698412698
0.4857142857142857,0.2698412698412698
0.4857142857142857,0.26842105263157895
0.4857142857142857,0.2670157068062827
0.4857142857142857,0.2670157068062827
0.4857142857142857,0.2670157068062827
0.4857142857142857,0.265625
0.4857142857142857,0.26424870466321243
0.4857142857142857,0.26424870466321243
0.4857142857142857,0.26424870466321243
0.4857142857142857,0.26424870466321243
0.49523809523809526,0.26804123711340205
0.49523809523809526,0.26666666666666666
0.49523809523809526,0.2653061224489796
0.49523809523809526,0.2653061224489796
0.49523809523809526,0.2653061224489796
0.49523809523809526,0.2653061224489796
0.49523809523809526,0.2639593908629442
0.49523809523809526,0.2639593908629442
0.5047619047619047,0.2676767676767677
0.5047619047619047,0.2663316582914573
0.5047619047619047,0.2663316582914573
0.5047619047619047,0.2663316582914573
0.5047619047619047,0.2663316582914573
0.5047619047619047,0.2663316582914573
0.5047619047619047,0.2663316582914573
0.5047619047619047,0.2663316582914573
0.5047619047619047,0.265
0.5047619047619047,0.263681592039801
0.5047619047619047,0.263681592039801
0.5047619047619047,0.263681592039801
0.5047619047619047,0.263681592039801
0.5047619047619047,0.263681592039801
0.5047619047619047,0.263681592039801
0.5047619047619047,0.263681592039801
0.5047619047619047,0.2623762376237624
0.5047619047619047,0.26108374384236455
0.5047619047619047,0.25980392156862747
0.5047619047619047,0.25980392156862747
0.5047619047619047,0.25980392156862747
0.5047619047619047,0.25980392156862747
0.5047619047619047,0.25980392156862747
0.5047619047619047,0.25980392156862747
0.5047619047619047,0.25980392156862747
0.5047619047619047,0.25980392156862747
0.5047619047619047,0.25853658536585367
0.5047619047619047,0.25728155339805825
0.5047619047619047,0.25728155339805825
0.5047619047619047,0.2560386473429952
0.5047619047619047,0.2560386473429952
0.5047619047619047,0.2560386473429952
0.5047619047619047,0.2560386473429952
0.5047619047619047,0.2560386473429952
0.5047619047619047,0.2548076923076923
0.5047619047619047,0.2535885167464115
0.5142857142857142,0.2571428571428571
0.5142857142857142,0.2559241706161137
0.5238095238095238,0.25943396226415094
0.5238095238095238,0.25943396226415094
0.5238095238095238,0.25943396226415094
0.5238095238095238,0.25943396226415094
0.5238095238095238,0.25943396226415094
0.5238095238095238,0.25943396226415094
0.5238095238095238,0.25821596244131456
0.5238095238095238,0.25821596244131456
0.5238095238095238,0.2570093457943925
0.5238095238095238,0.2558139534883721
0.5333333333333333,0.25925925925925924
0.5333333333333333,0.25806451612903225
0.5333333333333333,0.25688073394495414
0.5333333333333333,0.25688073394495414
0.5333333333333333,0.25688073394495414
0.5333333333333333,0.25688073394495414
0.5333333333333333,0.2557077625570776
0.5333333333333333,0.2557077625570776
0.5333333333333333,0.2557077625570776
0.5428571428571428,0.2590909090909091
0.5428571428571428,0.2579185520361991
0.5523809523809524,0.26126126126126126
0.5523809523809524,0.26126126126126126
0.5523809523809524,0.26126126126126126
0.5523809523809524,0.26126126126126126
0.5523809523809524,0.26126126126126126
0.5523809523809524,0.2600896860986547
0.5523809523809524,0.2600896860986547
0.5523809523809524,0.25892857142857145
0.5523809523809524,0.25892857142857145
0.5523809523809524,0.2577777777777778
0.5523809523809524,0.2577777777777778
0.5523809523809524,0.25663716814159293
0.5523809523809524,0.2555066079295154
0.5523809523809524,0.2555066079295154
0.5523809523809524,0.2555066079295154
0.5523809523809524,0.2543859649122807
0.5523809523809524,0.25327510917030566
0.5523809523809524,0.25217391304347825
0.5619047619047619,0.2554112554112554
0.5619047619047619,0.2543103448275862
0.5619047619047619,0.2532188841201717
0.5619047619047619,0.25213675213675213
0.5619047619047619,0.25213675213675213
0.5714285714285714,0.2553191489361702
0.5714285714285714,0.2553191489361702
0.580952380952381,0.2584745762711864
0.580952380952381,0.25738396624472576
0.580952380952381,0.25630252100840334
0.580952380952381,0.25630252100840334
0.580952380952381,0.25523012552301255
0.580952380952381,0.25523012552301255
0.580952380952381,0.25523012552301255
0.580952380952381,0.25523012552301255
0.580952380952381,0.25523012552301255
0.580952380952381,0.25523012552301255
0.580952380952381,0.25523012552301255
0.580952380952381,0.25523012552301255
0.580952380952381,0.25523012552301255
0.5904761904761905,0.25833333333333336
0.5904761904761905,0.25833333333333336
0.5904761904761905,0.2572614107883817
0.5904761904761905,0.256198347107438
0.5904761904761905,0.256198347107438
0.5904761904761905,0.2551440329218107
0.5904761904761905,0.2551440329218107
0.5904761904761905,0.2551440329218107
0.5904761904761905,0.2540983606557377
0.5904761904761905,0.2530612244897959
0.5904761904761905,0.2530612244897959
0.5904761904761905,0.25203252032520324
0.5904761904761905,0.25203252032520324
0.5904761904761905,0.25203252032520324
0.5904761904761905,0.25203252032520324
0.5904761904761905,0.25101214574898784
0.5904761904761905,0.25
0.5904761904761905,0.25
0.5904761904761905,0.25
0.6,0.25301204819277107
0.6,0.25301204819277107
0.6,0.25301204819277107
0.6,0.25301204819277107
0.6,0.25301204819277107
0.6,0.25301204819277107
0.6,0.252
0.6,0.250996015936255
0.6,0.250996015936255
0.6,0.25
0.6,0.25
0.6095238095238096,0.25296442687747034
0.6095238095238096,0.25296442687747034
0.6095238095238096,0.25196850393700787
0.6190476190476191,0.2549019607843137
0.6190476190476191,0.2549019607843137
0.6190476190476191,0.2549019607843137
0.6190476190476191,0.25390625
0.6190476190476191,0.25390625
0.6190476190476191,0.25390625
0.6190476190476191,0.25390625
0.6285714285714286,0.25680933852140075
0.6285714285714286,0.25680933852140075
0.6285714285714286,0.2558139534883721
0.6285714285714286,0.2558139534883721
0.6285714285714286,0.2558139534883721
0.6285714285714286,0.2558139534883721
0.638095238095238,0.25868725868725867
0.638095238095238,0.25868725868725867
0.638095238095238,0.25868725868725867
0.638095238095238,0.25868725868725867
0.638095238095238,0.25868725868725867
0.638095238095238,0.25769230769230766
0.638095238095238,0.25769230769230766
0.638095238095238,0.2567049808429119
0.638095238095238,0.25572519083969464
0.638095238095238,0.25572519083969464
0.638095238095238,0.25572519083969464
0.638095238095238,0.25475285171102663
0.638095238095238,0.2537878787878788
0.638095238095238,0.2537878787878788
0.638095238095238,0.2528301886792453
0.638095238095238,0.2518796992481203
0.638095238095238,0.250936329588015
0.638095238095238,0.25
0.638095238095238,0.25
0.638095238095238,0.25
0.638095238095238,0.25
0.638095238095238,0.25
0.638095238095238,0.25
0.638095238095238,0.24907063197026022
0.638095238095238,0.24907063197026022
0.638095238095238,0.24814814814814815
0.638095238095238,0.24723247232472326
0.638095238095238,0.24632352941176472
0.6476190476190476,0.2490842490842491
0.6476190476190476,0.2490842490842491
0.6476190476190476,0.2490842490842491
0.6476190476190476,0.2490842490842491
0.6476190476190476,0.24817518248175183
0.6476190476190476,0.24817518248175183
0.6476190476190476,0.24817518248175183
0.6476190476190476,0.24817518248175183
0.6476190476190476,0.24817518248175183
0.6476190476190476,0.24817518248175183
0.6476190476190476,0.24817518248175183
0.6476190476190476,0.24727272727272728
0.6476190476190476,0.24727272727272728
0.6476190476190476,0.24727272727272728
0.6476190476190476,0.2463768115942029
0.6476190476190476,0.2463768115942029
0.6571428571428571,0.2490974729241877
0.6571428571428571,0.24820143884892087
0.6571428571428571,0.24820143884892087
0.6571428571428571,0.24820143884892087
0.6571428571428571,0.24731182795698925
0.6571428571428571,0.24731182795698925
0.6571428571428571,0.24731182795698925
0.6571428571428571,0.24642857142857144
0.6571428571428571,0.24555160142348753
0.6571428571428571,0.24555160142348753
0.6571428571428571,0.24468085106382978
0.6571428571428571,0.24468085106382978
0.6571428571428571,0.24381625441696114
0.6571428571428571,0.24295774647887325
0.6666666666666666,0.24561403508771928
0.6666666666666666,0.24475524475524477
0.6666666666666666,0.24475524475524477
0.6666666666666666,0.24390243902439024
0.6666666666666666,0.24390243902439024
0.6666666666666666,0.24390243902439024
0.6666666666666666,0.24305555555555555
0.6666666666666666,0.24305555555555555
0.6666666666666666,0.24305555555555555
0.6666666666666666,0.24305555555555555
0.6666666666666666,0.24305555555555555
0.6666666666666666,0.24305555555555555
0.6666666666666666,0.24305555555555555
0.6666666666666666,0.2422145328719723
0.6666666666666666,0.2422145328719723
0.6666666666666666,0.2422145328719723
0.6666666666666666,0.2422145328719723
0.6666666666666666,0.2413793103448276
0.6666666666666666,0.24054982817869416
0.6666666666666666,0.23972602739726026
0.6666666666666666,0.23890784982935154
0.6666666666666666,0.23890784982935154
0.6666666666666666,0.23809523809523808
0.6666666666666666,0.23809523809523808
0.6666666666666666,0.23809523809523808
0.6666666666666666,0.23728813559322035
0.6666666666666666,0.23728813559322035
0.6666666666666666,0.23648648648648649
0.6666666666666666,0.23648648648648649
0.6666666666666666,0.2356902356902357
0.6666666666666666,0.2348993288590604
0.6666666666666666,0.23411371237458195
0.6666666666666666,0.23411371237458195
0.6666666666666666,0.23411371237458195
0.6666666666666666,0.23411371237458195
0.6666666666666666,0.23333333333333334
0.6666666666666666,0.23333333333333334
0.6666666666666666,0.23255813953488372
0.6666666666666666,0.23255813953488372
0.6666666666666666,0.23255813953488372
0.6666666666666666,0.23255813953488372
0.6666666666666666,0.23255813953488372
0.6666666666666666,0.23255813953488372
0.6666666666666666,0.23178807947019867
0.6666666666666666,0.23102310231023102
0.6666666666666666,0.23102310231023102
0.6666666666666666,0.23026315789473684
0.6666666666666666,0.23026315789473684
0.6666666666666666,0.22950819672131148
0.6666666666666666,0.22875816993464052
0.6666666666666666,0.2280130293159609
0.6666666666666666,0.2280130293159609
0.6666666666666666,0.2280130293159609
0.6666666666666666,0.22727272727272727
0.6666666666666666,0.22727272727272727
0.6666666666666666,0.22653721682847897
0.6666666666666666,0.22580645161290322
0.6666666666666666,0.22580645161290322
0.6666666666666666,0.22580645161290322
0.6666666666666666,0.22508038585209003
0.6666666666666666,0.22508038585209003
0.6666666666666666,0.22435897435897437
0.6666666666666666,0.22364217252396165
0.6666666666666666,0.22364217252396165
0.6666666666666666,0.22364217252396165
0.6666666666666666,0.22364217252396165
0.6666666666666666,0.22364217252396165
0.6666666666666666,0.2229299363057325
0.6666666666666666,0.2229299363057325
0.6666666666666666,0.2222222222222222
0.6666666666666666,0.2222222222222222
0.6666666666666666,0.2222222222222222
0.6666666666666666,0.22151898734177214
0.6666666666666666,0.22151898734177214
0.6666666666666666,0.22082018927444794
0.6666666666666666,0.22012578616352202
0.6666666666666666,0.22012578616352202
0.6666666666666666,0.22012578616352202
0.6666666666666666,0.22012578616352202
0.6666666666666666,0.219435736677116
0.6666666666666666,0.21875
0.6666666666666666,0.21875
0.6666666666666666,0.21875
0.6666666666666666,0.21875
0.6666666666666666,0.21806853582554517
0.6666666666666666,0.21739130434782608
0.6666666666666666,0.21739130434782608
0.6666666666666666,0.21739130434782608
0.6666666666666666,0.21671826625386997
0.6666666666666666,0.21604938271604937
0.6666666666666666,0.2153846153846154
0.6666666666666666,0.2147239263803681
0.6666666666666666,0.2147239263803681
0.6666666666666666,0.21406727828746178
0.6666666666666666,0.21406727828746178
0.6666666666666666,0.21406727828746178
0.6666666666666666,0.21341463414634146
0.6666666666666666,0.2127659574468085
0.6666666666666666,0.2127659574468085
0.6666666666666666,0.21212121212121213
0.6666666666666666,0.21212121212121213
0.6666666666666666,0.21148036253776434
0.6666666666666666,0.21148036253776434
0.6666666666666666,0.21148036253776434
0.6666666666666666,0.21084337349397592
0.6666666666666666,0.21084337349397592
0.6666666666666666,0.21021021021021022
0.6666666666666666,0.21021021021021022
0.6666666666666666,0.21021021021021022
0.6666666666666666,0.20958083832335328
0.6666666666666666,0.20958083832335328
0.6666666666666666,0.20958083832335328
0.6666666666666666,0.208955223880597
0.6666666666666666,0.208955223880597
0.6666666666666666,0.208955223880597
0.6666666666666666,0.208955223880597
0.6666666666666666,0.208955223880597
0.6666666666666666,0.208955223880597
0.6666666666666666,0.208955223880597
0.6761904761904762,0.2113095238095238
0.6761904761904762,0.21068249258160238
0.6761904761904762,0.21005917159763313
0.6761904761904762,0.21005917159763313
0.6761904761904762,0.21005917159763313
0.6761904761904762,0.21005917159763313
0.6761904761904762,0.21005917159763313
0.6761904761904762,0.21005917159763313
0.6761904761904762,0.21005917159763313
0.6761904761904762,0.21005917159763313
0.6857142857142857,0.21238938053097345
0.6857142857142857,0.21238938053097345
0.6857142857142857,0.21238938053097345
0.6857142857142857,0.21176470588235294
0.6857142857142857,0.21176470588235294
0.6857142857142857,0.21176470588235294
0.6857142857142857,0.21176470588235294
0.6857142857142857,0.21176470588235294
0.6857142857142857,0.21176470588235294
0.6857142857142857,0.21176470588235294
0.6857142857142857,0.21176470588235294
0.6857142857142857,0.21114369501466276
0.6857142857142857,0.21114369501466276
0.6857142857142857,0.21114369501466276
0.6952380952380952,0.2134502923976608
0.6952380952380952,0.21282798833819241
0.6952380952380952,0.21220930232558138
0.6952380952380952,0.21159420289855072
0.6952380952380952,0.21098265895953758
0.6952380952380952,0.21037463976945245
0.6952380952380952,0.21037463976945245
0.6952380952380952,0.20977011494252873
0.6952380952380952,0.20977011494252873
0.6952380952380952,0.20977011494252873
0.6952380952380952,0.20916905444126074
0.6952380952380952,0.20916905444126074
0.6952380952380952,0.20916905444126074
0.6952380952380952,0.20857142857142857
0.6952380952380952,0.20797720797720798
0.6952380952380952,0.20738636363636365
0.6952380952380952,0.20679886685552407
0.6952380952380952,0.2062146892655367
0.6952380952380952,0.2062146892655367
0.6952380952380952,0.2062146892655367
0.6952380952380952,0.2056338028169014
0.6952380952380952,0.2050561797752809
0.6952380952380952,0.2050561797752809
0.6952380952380952,0.20448179271708683
0.6952380952380952,0.20448179271708683
0.6952380952380952,0.20391061452513967
0.6952380952380952,0.20334261838440112
0.6952380952380952,0.20334261838440112
0.6952380952380952,0.20334261838440112
0.6952380952380952,0.20334261838440112
0.6952380952380952,0.20277777777777778
0.6952380952380952,0.20277777777777778
0.6952380952380952,0.20221606648199447
0.6952380952380952,0.20221606648199447
0.7047619047619048,0.20441988950276244
0.7047619047619048,0.20441988950276244
0.7047619047619048,0.20385674931129477
0.7047619047619048,0.20385674931129477
0.7047619047619048,0.20385674931129477
0.7047619047619048,0.2032967032967033
0.7047619047619048,0.2032967032967033
0.7047619047619048,0.2032967032967033
0.7047619047619048,0.2032967032967033
0.7047619047619048,0.2032967032967033
0.7047619047619048,0.20273972602739726
0.7047619047619048,0.20273972602739726
0.7047619047619048,0.20273972602739726
0.7047619047619048,0.20273972602739726
0.7047619047619048,0.20273972602739726
0.7047619047619048,0.20273972602739726
0.7047619047619048,0.20218579234972678
0.7047619047619048,0.20218579234972678
0.7047619047619048,0.20218579234972678
0.7047619047619048,0.2016348773841962
0.7047619047619048,0.2016348773841962
0.7047619047619048,0.20108695652173914
0.7047619047619048,0.2005420054200542
0.7047619047619048,0.2
0.7047619047619048,0.2
0.7047619047619048,0.2
0.7047619047619048,0.19946091644204852
0.7047619047619048,0.1989247311827957
0.7047619047619048,0.1989247311827957
0.7047619047619048,0.19839142091152814
0.7047619047619048,0.19839142091152814
0.7047619047619048,0.19786096256684493
0.7047619047619048,0.19733333333333333
0.7047619047619048,0.19733333333333333
0.7047619047619048,0.19680851063829788
0.7047619047619048,0.19680851063829788
0.7047619047619048,0.19680851063829788
0.7047619047619048,0.1962864721485411
0.7047619047619048,0.1962864721485411
0.7047619047619048,0.19576719576719576
0.7047619047619048,0.19525065963060687
0.7047619047619048,0.19473684210526315
0.7047619047619048,0.19473684210526315
0.7047619047619048,0.1942257217847769
0.7047619047619048,0.1942257217847769
0.7047619047619048,0.1942257217847769
0.7142857142857143,0.19633507853403143
0.7142857142857143,0.195822454308094
0.7142857142857143,0.195822454308094
0.7142857142857143,0.1953125
0.7142857142857143,0.1953125
0.7142857142857143,0.19480519480519481
0.7142857142857143,0.19480519480519481
0.7142857142857143,0.19480519480519481
0.7142857142857143,0.19480519480519481
0.7142857142857143,0.19430051813471502
0.7142857142857143,0.19430051813471502
0.7142857142857143,0.19430051813471502
0.7142857142857143,0.1937984496124031
0.7142857142857143,0.1937984496124031
0.7142857142857143,0.1937984496124031
0.7142857142857143,0.1937984496124031
0.7142857142857143,0.19329896907216496
0.7142857142857143,0.19329896907216496
0.7142857142857143,0.19329896907216496
0.7142857142857143,0.1928020565552699
0.7142857142857143,0.1928020565552699
0.7142857142857143,0.1928020565552699
0.7142857142857143,0.1928020565552699
0.7142857142857143,0.19230769230769232
0.7142857142857143,0.19230769230769232
0.7142857142857143,0.19230769230769232
0.7142857142857143,0.19230769230769232
0.7142857142857143,0.19230769230769232
0.7142857142857143,0.19230769230769232
0.7142857142857143,0.19230769230769232
0.7142857142857143,0.19230769230769232
0.7238095238095238,0.19437340153452684
0.7238095238095238,0.19437340153452684
0.7238095238095238,0.19387755102040816
0.7238095238095238,0.19387755102040816
0.7238095238095238,0.19387755102040816
0.7238095238095238,0.19387755102040816
0.7238095238095238,0.19387755102040816
0.7238095238095238,0.19338422391857507
0.7238095238095238,0.19338422391857507
0.7238095238095238,0.19338422391857507
0.7238095238095238,0.19289340101522842
0.7238095238095238,0.19240506329113924
0.7238095238095238,0.1919191919191919
0.7238095238095238,0.1919191919191919
0.7238095238095238,0.1919191919191919
0.7238095238095238,0.1919191919191919
0.7238095238095238,0.1919191919191919
0.7238095238095238,0.1919191919191919
0.7238095238095238,0.1919191919191919
0.7238095238095238,0.1919191919191919
0.7238095238095238,0.19143576826196473
0.7238095238095238,0.19143576826196473
0.7238095238095238,0.19143576826196473
0.7238095238095238,0.19143576826196473
0.7238095238095238,0.19143576826196473
0.7238095238095238,0.19095477386934673
0.7238095238095238,0.19095477386934673
0.7238095238095238,0.19095477386934673
0.7238095238095238,0.19095477386934673
0.7238095238095238,0.19047619047619047
0.7238095238095238,0.19
0.7238095238095238,0.19
0.7238095238095238,0.19
0.7238095238095238,0.18952618453865336
0.7238095238095238,0.18952618453865336
0.7238095238095238,0.1890547263681592
0.7238095238095238,0.18858560794044665
0.7238095238095238,0.18811881188118812
0.7238095238095238,0.18765432098765433
0.7238095238095238,0.18719211822660098
0.7238095238095238,0.18719211822660098
0.7238095238095238,0.18719211822660098
0.7238095238095238,0.18719211822660098
0.7238095238095238,0.18673218673218672
0.7238095238095238,0.18673218673218672
0.7238095238095238,0.18627450980392157
0.7238095238095238,0.18581907090464547
0.7238095238095238,0.18581907090464547
0.7238095238095238,0.18581907090464547
0.7238095238095238,0.18536585365853658
0.7238095238095238,0.18491484184914841
0.7238095238095238,0.18491484184914841
0.7238095238095238,0.18491484184914841
0.7238095238095238,0.18491484184914841
0.7238095238095238,0.18491484184914841
0.7238095238095238,0.18491484184914841
0.7238095238095238,0.18446601941747573
0.7238095238095238,0.18446601941747573
0.7238095238095238,0.18446601941747573
0.7238095238095238,0.18446601941747573
0.7238095238095238,0.18401937046004843
0.7238095238095238,0.18357487922705315
0.7238095238095238,0.18357487922705315
0.7238095238095238,0.18357487922705315
0.7238095238095238,0.18357487922705315
0.7238095238095238,0.18313253012048192
0.7238095238095238,0.18269230769230768
0.7238095238095238,0.18269230769230768
0.7238095238095238,0.18269230769230768
0.7238095238095238,0.18269230769230768
0.7238095238095238,0.18225419664268586
0.7238095238095238,0.18181818181818182
0.7238095238095238,0.18181818181818182
0.7238095238095238,0.18138424821002386
0.7238095238095238,0.18095238095238095
0.7238095238095238,0.18095238095238095
0.7238095238095238,0.18095238095238095
0.7238095238095238,0.18052256532066507
0.7238095238095238,0.18009478672985782
0.7238095238095238,0.18009478672985782
0.7238095238095238,0.18009478672985782
0.7238095238095238,0.17966903073286053
0.7238095238095238,0.17966903073286053
0.7238095238095238,0.17966903073286053
0.7238095238095238,0.1792452830188679
0.7238095238095238,0.17882352941176471
0.7238095238095238,0.17882352941176471
0.7238095238095238,0.17882352941176471
0.7238095238095238,0.1784037558685446
0.7238095238095238,0.1784037558685446
0.7238095238095238,0.17798594847775176
0.7238095238095238,0.17798594847775176
0.7238095238095238,0.17798594847775176
0.7238095238095238,0.17798594847775176
0.7238095238095238,0.17757009345794392
0.7238095238095238,0.17715617715617715
0.7238095238095238,0.17715617715617715
0.7238095238095238,0.17715617715617715
0.7238095238095238,0.17715617715617715
0.7238095238095238,0.17715617715617715
0.7238095238095238,0.17715617715617715
0.7238095238095238,0.17674418604651163
0.7238095238095238,0.17674418604651163
0.7238095238095238,0.17633410672853828
0.7238095238095238,0.17592592592592593
0.7238095238095238,0.17592592592592593
0.7238095238095238,0.17551963048498845
0.7238095238095238,0.17551963048498845
0.7238095238095238,0.17551963048498845
0.7238095238095238,0.17511520737327188
0.7238095238095238,0.17471264367816092
0.7238095238095238,0.1743119266055046
0.7238095238095238,0.17391304347826086
0.7238095238095238,0.17391304347826086
0.7238095238095238,0.1735159817351598
0.7238095238095238,0.17312072892938496
0.7238095238095238,0.17312072892938496
0.7238095238095238,0.17272727272727273
0.7238095238095238,0.17233560090702948
0.7238095238095238,0.17233560090702948
0.7238095238095238,0.17194570135746606
0.7238095238095238,0.17194570135746606
0.7333333333333333,0.17381489841986456
0.7333333333333333,0.17381489841986456
0.7333333333333333,0.17342342342342343
0.7333333333333333,0.17342342342342343
0.7333333333333333,0.17303370786516853
0.7333333333333333,0.1726457399103139
0.7333333333333333,0.1726457399103139
0.7333333333333333,0.17225950782997762
0.7333333333333333,0.171875
0.7333333333333333,0.1714922048997773
0.7333333333333333,0.1714922048997773
0.7333333333333333,0.1714922048997773
0.7333333333333333,0.1711111111111111
0.7333333333333333,0.17073170731707318
0.7333333333333333,0.17035398230088494
0.7333333333333333,0.17035398230088494
0.7333333333333333,0.17035398230088494
0.7333333333333333,0.16997792494481237
0.7333333333333333,0.16997792494481237
0.7333333333333333,0.1696035242290749
0.7333333333333333,0.1696035242290749
0.7333333333333333,0.16923076923076924
0.7333333333333333,0.16923076923076924
0.7333333333333333,0.16923076923076924
0.7333333333333333,0.16923076923076924
0.7333333333333333,0.16923076923076924
0.7333333333333333,0.16885964912280702
0.7333333333333333,0.16885964912280702
0.7333333333333333,0.16849015317286653
0.7333333333333333,0.16812227074235808
0.7333333333333333,0.16812227074235808
0.7333333333333333,0.16775599128540306
0.7333333333333333,0.16775599128540306
0.7333333333333333,0.16775599128540306
0.7333333333333333,0.1673913043478261
0.7333333333333333,0.1673913043478261
0.7333333333333333,0.1673913043478261
0.7333333333333333,0.16702819956616052
0.7333333333333333,0.16702819956616052
0.7333333333333333,0.16666666666666666
0.7333333333333333,0.16630669546436286
0.7428571428571429,0.16810344827586207
0.7428571428571429,0.16774193548387098
0.7428571428571429,0.16738197424892703
0.7428571428571429,0.16738197424892703
0.7428571428571429,0.16738197424892703
0.7428571428571429,0.1670235546038544
0.7428571428571429,0.16666666666666666
0.7428571428571429,0.16666666666666666
0.7428571428571429,0.16666666666666666
0.7428571428571429,0.16666666666666666
0.7428571428571429,0.16631130063965885
0.7428571428571429,0.16631130063965885
0.7428571428571429,0.16631130063965885
0.7428571428571429,0.16595744680851063
0.7428571428571429,0.16595744680851063
0.7428571428571429,0.16595744680851063
0.7428571428571429,0.16595744680851063
0.7428571428571429,0.16595744680851063
0.7428571428571429,0.16595744680851063
0.7523809523809524,0.16772823779193205
0.7523809523809524,0.16772823779193205
0.7523809523809524,0.16772823779193205
0.7523809523809524,0.16772823779193205
0.7523809523809524,0.16772823779193205
0.7523809523809524,0.16772823779193205
0.7523809523809524,0.16772823779193205
0.7523809523809524,0.16772823779193205
0.7523809523809524,0.16772823779193205
0.7523809523809524,0.1673728813559322
0.7523809523809524,0.1673728813559322
0.7523809523809524,0.16701902748414377
0.7523809523809524,0.16666666666666666
0.7523809523809524,0.16666666666666666
0.7523809523809524,0.16666666666666666
0.7523809523809524,0.16666666666666666
0.7523809523809524,0.16666666666666666
0.7523809523809524,0.16631578947368422
0.7523809523809524,0.16596638655462184
0.7523809523809524,0.16561844863731656
0.7523809523809524,0.16527196652719664
0.7523809523809524,0.1649269311064718
0.7523809523809524,0.1649269311064718
0.7523809523809524,0.16458333333333333
0.7619047619047619,0.16632016632016633
0.7619047619047619,0.16632016632016633
0.7619047619047619,0.16632016632016633
0.7619047619047619,0.16632016632016633
0.7619047619047619,0.16632016632016633
0.7619047619047619,0.16632016632016633
0.7619047619047619,0.16597510373443983
0.7619047619047619,0.16597510373443983
0.7619047619047619,0.16597510373443983
0.7619047619047619,0.16597510373443983
0.7619047619047619,0.16597510373443983
0.7619047619047619,0.16597510373443983
0.7619047619047619,0.16597510373443983
0.7619047619047619,0.16597510373443983
0.7619047619047619,0.16597510373443983
0.7619047619047619,0.16597510373443983
0.7619047619047619,0.16597510373443983
0.7619047619047619,0.16597510373443983
0.7619047619047619,0.16597510373443983
0.7619047619047619,0.16597510373443983
0.7619047619047619,0.16563146997929606
0.7619047619047619,0.16563146997929606
0.7619047619047619,0.1652892561983471
0.7619047619047619,0.16494845360824742
0.7619047619047619,0.16494845360824742
0.7619047619047619,0.16494845360824742
0.7619047619047619,0.16494845360824742
0.7619047619047619,0.16494845360824742
0.7619047619047619,0.1646090534979424
0.7619047619047619,0.1646090534979424
0.7619047619047619,0.1646090534979424
0.7619047619047619,0.16427104722792607
0.7619047619047619,0.16427104722792607
0.7619047619047619,0.16393442622950818
0.7619047619047619,0.16359918200409
0.7619047619047619,0.16359918200409
0.7619047619047619,0.16326530612244897
0.7619047619047619,0.1629327902240326
0.7619047619047619,0.1629327902240326
0.7619047619047619,0.1629327902240326
0.7619047619047619,0.16260162601626016
0.7619047619047619,0.16260162601626016
0.7619047619047619,0.16260162601626016
0.7619047619047619,0.16260162601626016
0.7619047619047619,0.16260162601626016
0.7619047619047619,0.16227180527383367
0.7619047619047619,0.16227180527383367
0.7619047619047619,0.16227180527383367
0.7619047619047619,0.16227180527383367
0.7619047619047619,0.16227180527383367
0.7619047619047619,0.16194331983805668
0.7619047619047619,0.16161616161616163
0.7619047619047619,0.16129032258064516
0.7619047619047619,0.16096579476861167
0.7619047619047619,0.16096579476861167
0.7619047619047619,0.1606425702811245
0.7619047619047619,0.16032064128256512
0.7619047619047619,0.16032064128256512
0.7619047619047619,0.16032064128256512
0.7619047619047619,0.16032064128256512
0.7619047619047619,0.16032064128256512
0.7619047619047619,0.16032064128256512
0.7619047619047619,0.16032064128256512
0.7619047619047619,0.16032064128256512
0.7619047619047619,0.16
0.7619047619047619,0.16
0.7619047619047619,0.16
0.7619047619047619,0.16
0.7619047619047619,0.16
0.7619047619047619,0.16
0.7619047619047619,0.1596806387225549
0.7619047619047619,0.1593625498007968
0.7619047619047619,0.1593625498007968
0.7619047619047619,0.1593625498007968
0.7619047619047619,0.1593625498007968
0.7619047619047619,0.1593625498007968
0.7619047619047619,0.1593625498007968
0.7619047619047619,0.1593625498007968
0.7619047619047619,0.1593625498007968
0.7619047619047619,0.15904572564612326
0.7619047619047619,0.15904572564612326
0.7714285714285715,0.16071428571428573
0.7714285714285715,0.16071428571428573
0.7714285714285715,0.16071428571428573
0.7714285714285715,0.16071428571428573
0.7714285714285715,0.16071428571428573
0.7714285714285715,0.16071428571428573
0.7714285714285715,0.16071428571428573
0.7714285714285715,0.16071428571428573
0.7714285714285715,0.16071428571428573
0.7714285714285715,0.1603960396039604
0.7714285714285715,0.1600790513833992
0.7714285714285715,0.1600790513833992
0.7714285714285715,0.15976331360946747
0.7714285714285715,0.1594488188976378
0.7714285714285715,0.1594488188976378
0.7714285714285715,0.15913555992141454
0.7714285714285715,0.15913555992141454
0.7714285714285715,0.15913555992141454
0.7714285714285715,0.15913555992141454
0.7714285714285715,0.1588235294117647
0.7714285714285715,0.1588235294117647
0.7714285714285715,0.1588235294117647
0.7714285714285715,0.1588235294117647
0.7714285714285715,0.1588235294117647
0.7714285714285715,0.15851272015655576
0.7714285714285715,0.15851272015655576
0.7714285714285715,0.15851272015655576
0.7714285714285715,0.15851272015655576
0.7714285714285715,0.15851272015655576
0.7714285714285715,0.158203125
0.7714285714285715,0.15789473684210525
0.7714285714285715,0.1575875486381323
0.7714285714285715,0.1575875486381323
0.7714285714285715,0.15728155339805824
0.7714285714285715,0.15728155339805824
0.7714285714285715,0.1569767441860465
0.7714285714285715,0.1569767441860465
0.7714285714285715,0.1569767441860465
0.7714285714285715,0.1569767441860465
0.7714285714285715,0.1569767441860465
0.7714285714285715,0.15667311411992263
0.7714285714285715,0.15637065637065636
0.7714285714285715,0.15606936416184972
0.7714285714285715,0.15606936416184972
0.7714285714285715,0.15606936416184972
0.7714285714285715,0.15576923076923077
0.7714285714285715,0.15547024952015356
0.7714285714285715,0.15517241379310345
0.7714285714285715,0.15517241379310345
0.7714285714285715,0.15517241379310345
0.7714285714285715,0.15517241379310345
0.7714285714285715,0.15517241379310345
0.7714285714285715,0.15517241379310345
0.7714285714285715,0.15487571701720843
0.7714285714285715,0.15458015267175573
0.7714285714285715,0.15428571428571428
0.7714285714285715,0.15428571428571428
0.7714285714285715,0.15428571428571428
0.7714285714285715,0.15428571428571428
0.7714285714285715,0.15428571428571428
0.7714285714285715,0.15428571428571428
0.7714285714285715,0.15428571428571428
0.7714285714285715,0.15428571428571428
0.7714285714285715,0.15399239543726237
0.7714285714285715,0.15370018975332067
0.7714285714285715,0.15370018975332067
0.7714285714285715,0.15370018975332067
0.7714285714285715,0.15370018975332067
0.7714285714285715,0.15370018975332067
0.7714285714285715,0.15370018975332067
0.7714285714285715,0.15370018975332067
0.7714285714285715,0.15370018975332067
0.7714285714285715,0.15370018975332067
0.7714285714285715,0.1534090909090909
0.7714285714285715,0.15311909262759923
0.7714285714285715,0.15311909262759923
0.7714285714285715,0.15311909262759923
0.7714285714285715,0.15283018867924528
0.7714285714285715,0.15254237288135594
0.7714285714285715,0.15254237288135594
0.7714285714285715,0.15254237288135594
0.7714285714285715,0.15254237288135594
0.7714285714285715,0.15254237288135594
0.7714285714285715,0.15254237288135594
0.7714285714285715,0.15254237288135594
0.7714285714285715,0.15254237288135594
0.7714285714285715,0.15254237288135594
0.7714285714285715,0.15254237288135594
0.7714285714285715,0.15254237288135594
0.7714285714285715,0.15254237288135594
0.7714285714285715,0.15254237288135594
0.7714285714285715,0.15225563909774437
0.7714285714285715,0.15225563909774437
0.7714285714285715,0.15196998123827393
0.7714285714285715,0.15196998123827393
0.7714285714285715,0.15196998123827393
0.7714285714285715,0.15196998123827393
0.7714285714285715,0.15168539325842698
0.7714285714285715,0.15168539325842698
0.7714285714285715,0.15168539325842698
0.7714285714285715,0.15168539325842698
0.7714285714285715,0.15140186915887852
0.7714285714285715,0.15140186915887852
0.7714285714285715,0.15111940298507462
0.7714285714285715,0.15111940298507462
0.7714285714285715,0.15083798882681565
0.7714285714285715,0.15083798882681565
0.7714285714285715,0.15055762081784388
0.7714285714285715,0.15055762081784388
0.7714285714285715,0.15055762081784388
0.7714285714285715,0.15055762081784388
0.7714285714285715,0.150278293135436
0.7714285714285715,0.15
0.7714285714285715,0.15
0.7714285714285715,0.14972273567467653
0.7714285714285715,0.14944649446494465
0.7714285714285715,0.14944649446494465
0.7714285714285715,0.14944649446494465
0.7714285714285715,0.14944649446494465
0.7714285714285715,0.14944649446494465
0.7714285714285715,0.14944649446494465
0.7714285714285715,0.14917127071823205
0.7714285714285715,0.14917127071823205
0.7714285714285715,0.14917127071823205
0.7714285714285715,0.14917127071823205
0.7714285714285715,0.1488970588235294
0.7714285714285715,0.14862385321100918
0.7714285714285715,0.14835164835164835
0.7714285714285715,0.1480804387568556
0.7714285714285715,0.1480804387568556
0.7714285714285715,0.1480804387568556
0.7714285714285715,0.1480804387568556
0.7714285714285715,0.1478102189781022
0.7714285714285715,0.1478102189781022
0.7714285714285715,0.1478102189781022
0.7714285714285715,0.1478102189781022
0.7714285714285715,0.14754098360655737
0.7714285714285715,0.14754098360655737
0.7714285714285715,0.14727272727272728
0.7714285714285715,0.147005444646098
0.7714285714285715,0.147005444646098
0.7714285714285715,0.14673913043478262
0.7714285714285715,0.14673913043478262
0.7714285714285715,0.14673913043478262
0.7714285714285715,0.14673913043478262
0.780952380952381,0.14828209764918626
0.780952380952381,0.14828209764918626
0.780952380952381,0.14828209764918626
0.780952380952381,0.14828209764918626
0.780952380952381,0.14828209764918626
0.780952380952381,0.14828209764918626
0.780952380952381,0.148014440433213
0.780952380952381,0.14774774774774774
0.780952380952381,0.14774774774774774
0.780952380952381,0.1474820143884892
0.780952380952381,0.1474820143884892
0.780952380952381,0.1474820143884892
0.780952380952381,0.14721723518850988
0.780952380952381,0.14695340501792115
0.780952380952381,0.14695340501792115
0.780952380952381,0.14669051878354203
0.780952380952381,0.14669051878354203
0.780952380952381,0.14669051878354203
0.780952380952381,0.14669051878354203
0.780952380952381,0.14669051878354203
0.780952380952381,0.14642857142857144
0.780952380952381,0.14642857142857144
0.780952380952381,0.14642857142857144
0.780952380952381,0.14642857142857144
0.780952380952381,0.14616755793226383
0.780952380952381,0.14590747330960854
0.780952380952381,0.14564831261101244
0.780952380952381,0.14564831261101244
0.780952380952381,0.1453900709219858
0.780952380952381,0.14513274336283186
0.780952380952381,0.14513274336283186
0.780952380952381,0.14513274336283186
0.780952380952381,0.14513274336283186
0.780952380952381,0.14487632508833923
0.780952380952381,0.14462081128747795
0.780952380952381,0.14462081128747795
0.780952380952381,0.14462081128747795
0.780952380952381,0.1443661971830986
0.780952380952381,0.1443661971830986
0.780952380952381,0.14411247803163443
0.780952380952381,0.14411247803163443
0.780952380952381,0.14385964912280702
0.780952380952381,0.14385964912280702
0.780952380952381,0.14385964912280702
0.780952380952381,0.14385964912280702
0.780952380952381,0.14385964912280702
0.780952380952381,0.14385964912280702
0.780952380952381,0.1436077057793345
0.780952380952381,0.1436077057793345
0.780952380952381,0.1436077057793345
0.780952380952381,0.1436077057793345
0.780952380952381,0.14335664335664336
0.780952380952381,0.1431064572425829
0.780952380952381,0.1431064572425829
0.780952380952381,0.14285714285714285
0.780952380952381,0.1426086956521739
0.780952380952381,0.1423611111111111
0.780952380952381,0.1423611111111111
0.780952380952381,0.14211438474870017
0.780952380952381,0.14211438474870017
0.780952380952381,0.14186851211072665
0.780952380952381,0.14186851211072665
0.780952380952381,0.14186851211072665
0.780952380952381,0.14162348877374784
0.780952380952381,0.14162348877374784
0.780952380952381,0.1413793103448276
0.780952380952381,0.1413793103448276
0.780952380952381,0.14113597246127366
0.780952380952381,0.140893470790378
0.780952380952381,0.14065180102915953
0.780952380952381,0.14065180102915953
0.780952380952381,0.1404109589041096
0.780952380952381,0.14017094017094017
0.780952380952381,0.14017094017094017
0.780952380952381,0.13993174061433447
0.780952380952381,0.13969335604770017
0.780952380952381,0.13969335604770017
0.780952380952381,0.13969335604770017
0.780952380952381,0.13969335604770017
0.780952380952381,0.13945578231292516
0.780952380952381,0.13921901528013583
0.780952380952381,0.13921901528013583
0.780952380952381,0.13898305084745763
0.780952380952381,0.13898305084745763
0.780952380952381,0.13898305084745763
0.780952380952381,0.13874788494077833
0.780952380952381,0.13851351351351351
0.780952380952381,0.13851351351351351
0.780952380952381,0.13827993254637436
0.780952380952381,0.13804713804713806
0.780952380952381,0.13804713804713806
0.780952380952381,0.13781512605042018
0.780952380952381,0.13781512605042018
0.780952380952381,0.13758389261744966
0.780952380952381,0.13758389261744966
0.7904761904761904,0.1390284757118928
0.7904761904761904,0.1390284757118928
0.7904761904761904,0.1390284757118928
0.7904761904761904,0.13879598662207357
0.7904761904761904,0.13856427378964942
0.7904761904761904,0.13856427378964942
0.7904761904761904,0.13833333333333334
0.7904761904761904,0.13833333333333334
0.7904761904761904,0.13833333333333334
0.7904761904761904,0.13810316139767054
0.7904761904761904,0.13810316139767054
0.7904761904761904,0.13810316139767054
0.7904761904761904,0.13810316139767054
0.7904761904761904,0.1378737541528239
0.7904761904761904,0.1378737541528239
0.7904761904761904,0.1378737541528239
0.7904761904761904,0.1378737541528239
0.7904761904761904,0.1378737541528239
0.7904761904761904,0.1378737541528239
0.7904761904761904,0.1378737541528239
0.7904761904761904,0.1378737541528239
0.7904761904761904,0.13764510779436154
0.7904761904761904,0.13764510779436154
0.7904761904761904,0.13764510779436154
0.7904761904761904,0.13764510779436154
0.7904761904761904,0.13764510779436154
0.7904761904761904,0.13764510779436154
0.7904761904761904,0.13764510779436154
0.7904761904761904,0.13764510779436154
0.7904761904761904,0.13764510779436154
0.7904761904761904,0.13764510779436154
0.7904761904761904,0.13741721854304637
0.7904761904761904,0.13741721854304637
0.7904761904761904,0.13741721854304637
0.7904761904761904,0.13741721854304637
0.7904761904761904,0.1371900826446281
0.7904761904761904,0.1371900826446281
0.7904761904761904,0.13696369636963696
0.7904761904761904,0.13696369636963696
0.7904761904761904,0.13673805601317957
0.7904761904761904,0.13651315789473684
0.7904761904761904,0.13651315789473684
0.7904761904761904,0.13651315789473684
0.7904761904761904,0.13651315789473684
0.7904761904761904,0.13628899835796388
0.7904761904761904,0.1360655737704918
0.7904761904761904,0.1360655737704918
0.7904761904761904,0.1360655737704918
0.7904761904761904,0.1360655737704918
0.7904761904761904,0.13584288052373159
0.7904761904761904,0.13562091503267973
0.7904761904761904,0.13562091503267973
0.7904761904761904,0.13562091503267973
0.7904761904761904,0.13539967373572595
0.7904761904761904,0.13539967373572595
0.7904761904761904,0.13539967373572595
0.7904761904761904,0.13517915309446255
0.7904761904761904,0.13517915309446255
0.7904761904761904,0.13495934959349593
0.7904761904761904,0.13495934959349593
0.7904761904761904,0.13474025974025974
0.7904761904761904,0.13474025974025974
0.7904761904761904,0.13452188006482982
0.7904761904761904,0.13452188006482982
0.7904761904761904,0.1343042071197411
0.7904761904761904,0.13408723747980614
0.7904761904761904,0.1338709677419355
0.7904761904761904,0.1338709677419355
0.7904761904761904,0.1338709677419355
0.7904761904761904,0.13365539452495975
0.7904761904761904,0.13344051446945338
0.7904761904761904,0.1332263242375602
0.7904761904761904,0.1330128205128205
0.7904761904761904,0.1328
0.7904761904761904,0.1328
0.7904761904761904,0.13258785942492013
0.7904761904761904,0.13258785942492013
0.7904761904761904,0.13258785942492013
0.7904761904761904,0.13258785942492013
0.7904761904761904,0.13237639553429026
0.7904761904761904,0.13237639553429026
0.7904761904761904,0.13237639553429026
0.7904761904761904,0.13237639553429026
0.7904761904761904,0.13237639553429026
0.7904761904761904,0.13237639553429026
0.7904761904761904,0.13237639553429026
0.7904761904761904,0.13237639553429026
0.7904761904761904,0.13237639553429026
0.7904761904761904,0.13237639553429026
0.7904761904761904,0.1321656050955414
0.7904761904761904,0.13195548489666137
0.7904761904761904,0.13174603174603175
0.7904761904761904,0.13153724247226625
0.7904761904761904,0.13132911392405064
0.7904761904761904,0.13132911392405064
0.7904761904761904,0.13112164296998421
0.7904761904761904,0.13112164296998421
0.7904761904761904,0.1309148264984227
0.7904761904761904,0.13070866141732285
0.7904761904761904,0.13070866141732285
0.7904761904761904,0.13070866141732285
0.7904761904761904,0.13070866141732285
0.7904761904761904,0.13070866141732285
0.7904761904761904,0.13070866141732285
0.7904761904761904,0.13050314465408805
0.7904761904761904,0.13050314465408805
0.7904761904761904,0.130298273155416
0.7904761904761904,0.130298273155416
0.7904761904761904,0.130298273155416
0.7904761904761904,0.130298273155416
0.7904761904761904,0.130298273155416
0.7904761904761904,0.130298273155416
0.7904761904761904,0.130298273155416
0.7904761904761904,0.130298273155416
0.7904761904761904,0.13009404388714735
0.7904761904761904,0.13009404388714735
0.7904761904761904,0.1298904538341158
0.7904761904761904,0.1298904538341158
0.7904761904761904,0.1298904538341158
0.7904761904761904,0.1296875
0.7904761904761904,0.1296875
0.7904761904761904,0.1294851794071763
0.7904761904761904,0.1292834890965732
0.7904761904761904,0.1290824261275272
0.7904761904761904,0.1290824261275272
0.7904761904761904,0.12888198757763975
0.7904761904761904,0.12888198757763975
0.7904761904761904,0.12888198757763975
0.7904761904761904,0.12868217054263567
0.7904761904761904,0.12848297213622292
0.7904761904761904,0.12848297213622292
0.7904761904761904,0.12848297213622292
0.7904761904761904,0.12828438948995363
0.7904761904761904,0.12828438948995363
0.7904761904761904,0.12828438948995363
0.7904761904761904,0.12808641975308643
0.7904761904761904,0.12808641975308643
0.7904761904761904,0.12808641975308643
0.7904761904761904,0.12808641975308643
0.7904761904761904,0.12808641975308643
0.7904761904761904,0.12788906009244994
0.7904761904761904,0.1276923076923077
0.7904761904761904,0.12749615975422426
0.7904761904761904,0.1273006134969325
0.7904761904761904,0.12710566615620214
0.7904761904761904,0.12710566615620214
0.7904761904761904,0.12710566615620214
0.7904761904761904,0.12691131498470948
0.7904761904761904,0.12691131498470948
0.7904761904761904,0.12691131498470948
0.7904761904761904,0.1267175572519084
0.7904761904761904,0.1267175572519084
0.7904761904761904,0.1267175572519084
0.7904761904761904,0.12652439024390244
0.7904761904761904,0.12652439024390244
0.7904761904761904,0.12652439024390244
0.7904761904761904,0.12652439024390244
0.7904761904761904,0.12652439024390244
0.7904761904761904,0.1263318112633181
0.7904761904761904,0.1263318112633181
0.7904761904761904,0.1263318112633181
0.7904761904761904,0.12613981762917933
0.7904761904761904,0.12613981762917933
0.7904761904761904,0.125948406676783
0.7904761904761904,0.125948406676783
0.7904761904761904,0.125948406676783
0.7904761904761904,0.12575757575757576
0.7904761904761904,0.12575757575757576
0.7904761904761904,0.12556732223903178
0.7904761904761904,0.12537764350453173
0.7904761904761904,0.12537764350453173
0.7904761904761904,0.12537764350453173
0.7904761904761904,0.12537764350453173
0.7904761904761904,0.12518853695324283
0.7904761904761904,0.125
0.7904761904761904,0.12481203007518797
0.7904761904761904,0.12481203007518797
0.7904761904761904,0.12481203007518797
0.7904761904761904,0.12481203007518797
0.7904761904761904,0.12462462462462462
0.7904761904761904,0.12462462462462462
0.7904761904761904,0.12443778110944528
0.7904761904761904,0.12443778110944528
0.7904761904761904,0.12443778110944528
0.7904761904761904,0.12425149700598802
0.7904761904761904,0.12425149700598802
0.7904761904761904,0.12425149700598802
0.7904761904761904,0.12406576980568013
0.7904761904761904,0.12388059701492538
0.7904761904761904,0.12388059701492538
0.7904761904761904,0.12388059701492538
0.7904761904761904,0.12388059701492538
0.7904761904761904,0.12388059701492538
0.7904761904761904,0.12388059701492538
0.7904761904761904,0.12388059701492538
0.7904761904761904,0.12388059701492538
0.7904761904761904,0.12388059701492538
0.7904761904761904,0.12369597615499255
0.7904761904761904,0.12351190476190477
0.7904761904761904,0.12351190476190477
0.7904761904761904,0.12332838038632987
0.7904761904761904,0.12332838038632987
0.7904761904761904,0.12332838038632987
0.7904761904761904,0.12332838038632987
0.7904761904761904,0.12332838038632987
0.7904761904761904,0.12314540059347182
0.7904761904761904,0.12314540059347182
