0.0,1.0
0.02127659574468085,1.0
0.02127659574468085,1.0
0.02127659574468085,1.0
0.02127659574468085,1.0
0.02127659574468085,1.0
0.02127659574468085,1.0
0.02127659574468085,1.0
0.0425531914893617,1.0
0.0425531914893617,1.0
0.0425531914893617,1.0
0.0425531914893617,1.0
0.0425531914893617,1.0
0.0425531914893617,1.0
0.0425531914893617,1.0
0.0425531914893617,1.0
0.06382978723404255,1.0
0.06382978723404255,1.0
0.06382978723404255,1.0
0.06382978723404255,1.0
0.0851063829787234,1.0
0.10638297872340426,1.0
0.1276595744680851,1.0
0.1276595744680851,1.0
0.1276595744680851,1.0
0.1276595744680851,1.0
0.1276595744680851,1.0
0.1276595744680851,1.0
0.1276595744680851,1.0
0.1276595744680851,1.0
0.1276595744680851,1.0
0.1276595744680851,1.0
0.1276595744680851,1.0
0.1276595744680851,1.0
0.14893617021276595,1.0
0.14893617021276595,1.0
0.1702127659574468,1.0
0.1702127659574468,1.0
0.1702127659574468,1.0
0.1702127659574468,1.0
0.1702127659574468,1.0
0.1702127659574468,1.0
0.1702127659574468,1.0
0.1702127659574468,1.0
0.1702127659574468,1.0
0.1702127659574468,1.0
0.1702127659574468,1.0
0.1702127659574468,1.0
0.1702127659574468,1.0
0.1702127659574468,0.8888888888888888
0.1702127659574468,0.8888888888888888
0.1702127659574468,0.8888888888888888
0.1702127659574468,0.8888888888888888
0.1702127659574468,0.8888888888888888
0.1702127659574468,0.8
0.1702127659574468,0.8
0.1702127659574468,0.8
0.1702127659574468,0.8
0.1702127659574468,0.8
0.1702127659574468,0.8
0.1702127659574468,0.8
0.1702127659574468,0.8
0.19148936170212766,0.8181818181818182
0.19148936170212766,0.8181818181818182
0.19148936170212766,0.8181818181818182
0.2127659574468085,0.8333333333333334
0.2127659574468085,0.8333333333333334
0.2127659574468085,0.8333333333333334
0.2127659574468085,0.8333333333333334
0.2127659574468085,0.8333333333333334
0.2127659574468085,0.8333333333333334
0.23404255319148937,0.8461538461538461
0.23404255319148937,0.8461538461538461
0.23404255319148937,0.8461538461538461
0.23404255319148937,0.8461538461538461
0.23404255319148937,0.8461538461538461
0.23404255319148937,0.8461538461538461
0.23404255319148937,0.8461538461538461
0.23404255319148937,0.8461538461538461
0.23404255319148937,0.8461538461538461
0.23404255319148937,0.8461538461538461
0.2553191489361702,0.8571428571428571
0.2553191489361702,0.8571428571428571
0.2553191489361702,0.8571428571428571
0.2553191489361702,0.8571428571428571
0.2553191489361702,0.8571428571428571
0.2553191489361702,0.8571428571428571
0.2553191489361702,0.8571428571428571
0.2553191489361702,0.8571428571428571
0.2553191489361702,0.8571428571428571
0.2553191489361702,0.8
0.2765957446808511,0.8125
0.2765957446808511,0.8125
0.2765957446808511,0.8125
0.2765957446808511,0.8125
0.2765957446808511,0.8125
0.2765957446808511,0.8125
0.2765957446808511,0.8125
0.2765957446808511,0.8125
0.2765957446808511,0.8125
0.2978723404255319,0.8235294117647058
0.2978723404255319,0.8235294117647058
0.3191489361702128,0.8333333333333334
0.3191489361702128,0.8333333333333334
0.3191489361702128,0.8333333333333334
0.3191489361702128,0.8333333333333334
0.3191489361702128,0.8333333333333334
0.3191489361702128,0.8333333333333334
0.3404255319148936,0.8421052631578947
0.3404255319148936,0.8421052631578947
0.3404255319148936,0.8421052631578947
0.3404255319148936,0.8421052631578947
0.3404255319148936,0.8421052631578947
0.3404255319148936,0.8421052631578947
0.3404255319148936,0.8421052631578947
0.3404255319148936,0.8421052631578947
0.3404255319148936,0.8421052631578947
0.3404255319148936,0.8421052631578947
0.3404255319148936,0.8421052631578947
0.3404255319148936,0.8421052631578947
0.3404255319148936,0.8421052631578947
0.3404255319148936,0.8421052631578947
0.3404255319148936,0.8421052631578947
0.3404255319148936,0.8421052631578947
0.3404255319148936,0.8421052631578947
0.3404255319148936,0.8421052631578947
0.3404255319148936,0.8421052631578947
0.3617021276595745,0.85
0.3617021276595745,0.85
0.3617021276595745,0.85
0.3617021276595745,0.85
0.3617021276595745,0.85
0.3617021276595745,0.85
0.3617021276595745,0.85
0.3617021276595745,0.85
0.3617021276595745,0.85
0.3617021276595745,0.85
0.3617021276595745,0.85
0.3617021276595745,0.85
0.3617021276595745,0.85
0.3829787234042553,0.8571428571428571
0.3829787234042553,0.8571428571428571
0.3829787234042553,0.8571428571428571
0.40425531914893614,0.8636363636363636
0.40425531914893614,0.8636363636363636
0.40425531914893614,0.8260869565217391
0.40425531914893614,0.8260869565217391
0.40425531914893614,0.8260869565217391
0.40425531914893614,0.8260869565217391
0.40425531914893614,0.8260869565217391
0.40425531914893614,0.8260869565217391
0.40425531914893614,0.8260869565217391
0.425531914893617,0.8333333333333334
0.425531914893617,0.8333333333333334
0.425531914893617,0.8333333333333334
0.425531914893617,0.8333333333333334
0.425531914893617,0.8333333333333334
0.425531914893617,0.8333333333333334
0.425531914893617,0.8333333333333334
0.425531914893617,0.8333333333333334
0.425531914893617,0.8
0.425531914893617,0.8
0.425531914893617,0.8
0.425531914893617,0.8
0.425531914893617,0.8
0.425531914893617,0.8
0.425531914893617,0.8
0.425531914893617,0.8
0.425531914893617,0.8
0.425531914893617,0.8
0.425531914893617,0.8
0.425531914893617,0.8
0.425531914893617,0.8
0.425531914893617,0.8
0.425531914893617,0.7692307692307693
0.425531914893617,0.7692307692307693
0.425531914893617,0.7692307692307693
0.425531914893617,0.7692307692307693
0.425531914893617,0.7692307692307693
0.425531914893617,0.7692307692307693
0.425531914893617,0.7692307692307693
0.425531914893617,0.7692307692307693
0.425531914893617,0.7692307692307693
0.425531914893617,0.7692307692307693
0.425531914893617,0.7692307692307693
0.425531914893617,0.7692307692307693
0.425531914893617,0.7692307692307693
0.425531914893617,0.7692307692307693
0.425531914893617,0.7692307692307693
0.425531914893617,0.7692307692307693
0.425531914893617,0.7692307692307693
0.425531914893617,0.7407407407407407
0.425531914893617,0.7407407407407407
0.425531914893617,0.7407407407407407
0.425531914893617,0.7142857142857143
0.425531914893617,0.7142857142857143
0.425531914893617,0.6896551724137931
0.425531914893617,0.6666666666666666
0.425531914893617,0.6666666666666666
0.425531914893617,0.6666666666666666
0.425531914893617,0.6666666666666666
0.425531914893617,0.6451612903225806
0.425531914893617,0.6451612903225806
0.425531914893617,0.6451612903225806
0.425531914893617,0.6451612903225806
0.425531914893617,0.6451612903225806
0.425531914893617,0.6451612903225806
0.425531914893617,0.6451612903225806
0.425531914893617,0.6451612903225806
0.425531914893617,0.6451612903225806
0.425531914893617,0.6451612903225806
0.425531914893617,0.6451612903225806
0.425531914893617,0.6451612903225806
0.425531914893617,0.6451612903225806
0.425531914893617,0.6451612903225806
0.425531914893617,0.6451612903225806
0.425531914893617,0.625
0.425531914893617,0.6060606060606061
0.425531914893617,0.5882352941176471
0.425531914893617,0.5882352941176471
0.425531914893617,0.5882352941176471
0.425531914893617,0.5882352941176471
0.425531914893617,0.5882352941176471
0.425531914893617,0.5882352941176471
0.425531914893617,0.5714285714285714
0.425531914893617,0.5714285714285714
0.425531914893617,0.5555555555555556
0.425531914893617,0.5555555555555556
0.425531914893617,0.5555555555555556
0.425531914893617,0.5555555555555556
0.425531914893617,0.5555555555555556
0.44680851063829785,0.5675675675675675
0.44680851063829785,0.5675675675675675
0.44680851063829785,0.5675675675675675
0.44680851063829785,0.5675675675675675
0.44680851063829785,0.5675675675675675
0.44680851063829785,0.5675675675675675
0.44680851063829785,0.5675675675675675
0.44680851063829785,0.5675675675675675
0.44680851063829785,0.5675675675675675
0.44680851063829785,0.5675675675675675
0.44680851063829785,0.5675675675675675
0.44680851063829785,0.5675675675675675
0.44680851063829785,0.5675675675675675
0.44680851063829785,0.5675675675675675
0.44680851063829785,0.5675675675675675
0.46808510638297873,0.5789473684210527
0.46808510638297873,0.5641025641025641
0.46808510638297873,0.55
0.46808510638297873,0.55
0.46808510638297873,0.5365853658536586
0.46808510638297873,0.5365853658536586
0.46808510638297873,0.5365853658536586
0.46808510638297873,0.5365853658536586
0.46808510638297873,0.5365853658536586
0.46808510638297873,0.5365853658536586
0.46808510638297873,0.5365853658536586
0.48936170212765956,0.5476190476190477
0.5106382978723404,0.5581395348837209
0.5106382978723404,0.5581395348837209
0.5106382978723404,0.5581395348837209
0.5106382978723404,0.5581395348837209
0.5106382978723404,0.5581395348837209
0.5106382978723404,0.5581395348837209
0.5106382978723404,0.5581395348837209
0.5106382978723404,0.5581395348837209
0.5106382978723404,0.5581395348837209
0.5319148936170213,0.5681818181818182
0.5319148936170213,0.5681818181818182
0.5319148936170213,0.5681818181818182
0.5319148936170213,0.5555555555555556
0.5319148936170213,0.5555555555555556
0.5319148936170213,0.5555555555555556
0.5531914893617021,0.5652173913043478
0.5531914893617021,0.5652173913043478
0.5531914893617021,0.5652173913043478
0.5531914893617021,0.5652173913043478
0.5531914893617021,0.5652173913043478
0.5531914893617021,0.5652173913043478
0.5531914893617021,0.5652173913043478
0.574468085106383,0.574468085106383
0.574468085106383,0.574468085106383
0.574468085106383,0.574468085106383
0.574468085106383,0.574468085106383
0.574468085106383,0.574468085106383
0.574468085106383,0.5625
0.574468085106383,0.5625
0.574468085106383,0.5625
0.574468085106383,0.5625
0.574468085106383,0.5625
0.574468085106383,0.5625
0.574468085106383,0.5625
0.574468085106383,0.5625
0.574468085106383,0.5625
0.574468085106383,0.5625
0.574468085106383,0.5625
0.574468085106383,0.5625
0.574468085106383,0.5625
0.574468085106383,0.5625
0.574468085106383,0.5625
0.574468085106383,0.5625
0.574468085106383,0.5625
0.5957446808510638,0.5714285714285714
0.5957446808510638,0.5714285714285714
0.5957446808510638,0.5714285714285714
0.5957446808510638,0.5714285714285714
0.5957446808510638,0.5714285714285714
0.5957446808510638,0.5714285714285714
0.6170212765957447,0.58
0.6170212765957447,0.5686274509803921
0.6170212765957447,0.5686274509803921
0.6170212765957447,0.5686274509803921
0.6170212765957447,0.5686274509803921
0.6382978723404256,0.5769230769230769
0.6595744680851063,0.5849056603773585
0.6595744680851063,0.5849056603773585
0.6595744680851063,0.5740740740740741
0.6595744680851063,0.5740740740740741
0.6595744680851063,0.5740740740740741
0.6595744680851063,0.5740740740740741
0.6808510638297872,0.5818181818181818
0.6808510638297872,0.5818181818181818
0.6808510638297872,0.5818181818181818
0.6808510638297872,0.5818181818181818
0.6808510638297872,0.5818181818181818
0.6808510638297872,0.5818181818181818
0.6808510638297872,0.5818181818181818
0.6808510638297872,0.5818181818181818
0.6808510638297872,0.5818181818181818
0.6808510638297872,0.5818181818181818
0.7021276595744681,0.5892857142857143
0.7021276595744681,0.5892857142857143
0.7021276595744681,0.5892857142857143
0.7021276595744681,0.5892857142857143
0.7021276595744681,0.5892857142857143
0.7021276595744681,0.5892857142857143
0.7021276595744681,0.5892857142857143
0.7021276595744681,0.5892857142857143
0.7021276595744681,0.5892857142857143
0.7021276595744681,0.5892857142857143
0.7021276595744681,0.5892857142857143
0.7021276595744681,0.5892857142857143
0.7021276595744681,0.5892857142857143
0.7021276595744681,0.5892857142857143
0.7021276595744681,0.5892857142857143
0.7021276595744681,0.5892857142857143
0.7021276595744681,0.5892857142857143
0.7021276595744681,0.5892857142857143
0.7021276595744681,0.5892857142857143
0.7021276595744681,0.5892857142857143
0.7021276595744681,0.5892857142857143
0.7021276595744681,0.5892857142857143
0.7021276595744681,0.5892857142857143
0.7021276595744681,0.5892857142857143
0.7021276595744681,0.5789473684210527
0.7021276595744681,0.5789473684210527
0.7021276595744681,0.5789473684210527
0.7021276595744681,0.5789473684210527
0.7021276595744681,0.5789473684210527
0.7021276595744681,0.5789473684210527
0.7021276595744681,0.5789473684210527
0.7021276595744681,0.5789473684210527
0.7021276595744681,0.5789473684210527
0.7021276595744681,0.5789473684210527
0.7021276595744681,0.5789473684210527
0.7021276595744681,0.5789473684210527
0.7021276595744681,0.5789473684210527
0.7021276595744681,0.5789473684210527
0.7021276595744681,0.5689655172413793
0.7021276595744681,0.5689655172413793
0.7021276595744681,0.559322033898305
0.7021276595744681,0.559322033898305
0.7021276595744681,0.559322033898305
0.7021276595744681,0.559322033898305
0.7021276595744681,0.55
0.7021276595744681,0.55
0.7021276595744681,0.55
0.7021276595744681,0.5409836065573771
0.7021276595744681,0.532258064516129
0.7021276595744681,0.532258064516129
0.7021276595744681,0.532258064516129
0.7021276595744681,0.532258064516129
0.7021276595744681,0.5238095238095238
0.7021276595744681,0.5238095238095238
0.7021276595744681,0.5238095238095238
0.7021276595744681,0.5238095238095238
0.7021276595744681,0.5238095238095238
0.7021276595744681,0.5238095238095238
0.7021276595744681,0.5238095238095238
0.7021276595744681,0.5238095238095238
0.7021276595744681,0.5238095238095238
0.7021276595744681,0.5238095238095238
0.7021276595744681,0.5238095238095238
0.7021276595744681,0.5238095238095238
0.7021276595744681,0.5238095238095238
0.7021276595744681,0.5238095238095238
0.7021276595744681,0.5238095238095238
0.7021276595744681,0.5238095238095238
0.7021276595744681,0.5238095238095238
0.7021276595744681,0.5238095238095238
0.7021276595744681,0.5238095238095238
0.7021276595744681,0.5238095238095238
0.7021276595744681,0.5238095238095238
0.7021276595744681,0.5238095238095238
0.7021276595744681,0.5238095238095238
0.7021276595744681,0.515625
0.7021276595744681,0.515625
0.7021276595744681,0.515625
0.7021276595744681,0.515625
0.7021276595744681,0.515625
0.7021276595744681,0.5076923076923077
0.7021276595744681,0.5076923076923077
0.7021276595744681,0.5076923076923077
0.7021276595744681,0.5076923076923077
0.7021276595744681,0.5
0.7021276595744681,0.5
0.7021276595744681,0.5
0.7021276595744681,0.5
0.7021276595744681,0.5
0.7021276595744681,0.5
0.7021276595744681,0.5
0.7021276595744681,0.5
0.7021276595744681,0.5
0.7021276595744681,0.4925373134328358
0.7021276595744681,0.4925373134328358
0.7021276595744681,0.4925373134328358
0.7021276595744681,0.4925373134328358
0.7021276595744681,0.4925373134328358
0.7021276595744681,0.4925373134328358
0.7021276595744681,0.4925373134328358
0.7021276595744681,0.4925373134328358
0.7021276595744681,0.4925373134328358
0.7021276595744681,0.4925373134328358
0.7021276595744681,0.4925373134328358
0.7021276595744681,0.4925373134328358
0.7021276595744681,0.4852941176470588
0.7021276595744681,0.4852941176470588
0.7021276595744681,0.4852941176470588
0.7021276595744681,0.4852941176470588
0.7021276595744681,0.4852941176470588
0.7021276595744681,0.4852941176470588
0.7021276595744681,0.4852941176470588
0.7021276595744681,0.4852941176470588
0.7021276595744681,0.4852941176470588
0.7021276595744681,0.4852941176470588
0.7021276595744681,0.4852941176470588
0.7021276595744681,0.4852941176470588
0.7021276595744681,0.4782608695652174
0.7021276595744681,0.4782608695652174
0.7021276595744681,0.4782608695652174
0.723404255319149,0.4857142857142857
0.723404255319149,0.4857142857142857
0.723404255319149,0.4857142857142857
0.723404255319149,0.4857142857142857
0.723404255319149,0.4857142857142857
0.723404255319149,0.4857142857142857
0.723404255319149,0.4857142857142857
0.723404255319149,0.4857142857142857
0.723404255319149,0.4857142857142857
0.723404255319149,0.4857142857142857
0.723404255319149,0.4857142857142857
0.723404255319149,0.4857142857142857
0.723404255319149,0.4857142857142857
0.723404255319149,0.4857142857142857
0.723404255319149,0.4857142857142857
0.723404255319149,0.4857142857142857
0.723404255319149,0.4788732394366197
0.723404255319149,0.4788732394366197
0.723404255319149,0.4722222222222222
0.723404255319149,0.4722222222222222
0.723404255319149,0.4722222222222222
0.723404255319149,0.4722222222222222
0.723404255319149,0.4722222222222222
0.723404255319149,0.4722222222222222
0.723404255319149,0.4657534246575342
0.723404255319149,0.4657534246575342
0.723404255319149,0.4657534246575342
0.723404255319149,0.4657534246575342
0.723404255319149,0.4657534246575342
0.723404255319149,0.4657534246575342
0.723404255319149,0.4657534246575342
0.723404255319149,0.4657534246575342
0.723404255319149,0.4657534246575342
0.723404255319149,0.4657534246575342
0.723404255319149,0.4657534246575342
0.723404255319149,0.4594594594594595
0.723404255319149,0.4594594594594595
0.7446808510638298,0.4666666666666667
0.7446808510638298,0.4666666666666667
0.7446808510638298,0.4666666666666667
0.7446808510638298,0.4666666666666667
0.7446808510638298,0.4666666666666667
0.7446808510638298,0.4666666666666667
0.7446808510638298,0.4666666666666667
0.7446808510638298,0.4666666666666667
0.7446808510638298,0.4666666666666667
0.7446808510638298,0.4666666666666667
0.7446808510638298,0.4666666666666667
0.7446808510638298,0.4666666666666667
0.7446808510638298,0.4666666666666667
0.7446808510638298,0.4666666666666667
0.7446808510638298,0.4605263157894737
0.7446808510638298,0.4605263157894737
0.7446808510638298,0.4605263157894737
0.7446808510638298,0.4605263157894737
0.7446808510638298,0.4605263157894737
0.7446808510638298,0.4605263157894737
0.7446808510638298,0.4605263157894737
0.7446808510638298,0.45454545454545453
0.7446808510638298,0.45454545454545453
0.7446808510638298,0.45454545454545453
0.7446808510638298,0.45454545454545453
0.7446808510638298,0.45454545454545453
0.7446808510638298,0.45454545454545453
0.7446808510638298,0.45454545454545453
0.7446808510638298,0.45454545454545453
0.7446808510638298,0.45454545454545453
0.7446808510638298,0.45454545454545453
0.7446808510638298,0.45454545454545453
0.7446808510638298,0.45454545454545453
0.7446808510638298,0.45454545454545453
0.7446808510638298,0.44871794871794873
0.7446808510638298,0.44871794871794873
0.7446808510638298,0.44871794871794873
0.7446808510638298,0.44871794871794873
0.7446808510638298,0.44871794871794873
0.7446808510638298,0.4430379746835443
0.7446808510638298,0.4430379746835443
0.7446808510638298,0.4375
0.7446808510638298,0.4375
0.7446808510638298,0.4375
0.7446808510638298,0.4375
0.7446808510638298,0.4375
0.7446808510638298,0.4375
0.7446808510638298,0.4375
0.7446808510638298,0.43209876543209874
0.7446808510638298,0.43209876543209874
0.7446808510638298,0.43209876543209874
0.7659574468085106,0.43902439024390244
0.7659574468085106,0.43902439024390244
0.7659574468085106,0.43902439024390244
0.7659574468085106,0.43902439024390244
0.7659574468085106,0.43373493975903615
0.7659574468085106,0.43373493975903615
0.7659574468085106,0.43373493975903615
0.7659574468085106,0.43373493975903615
0.7659574468085106,0.43373493975903615
0.7659574468085106,0.43373493975903615
0.7659574468085106,0.42857142857142855
0.7659574468085106,0.42857142857142855
0.7659574468085106,0.4235294117647059
0.7659574468085106,0.4235294117647059
0.7659574468085106,0.4235294117647059
0.7659574468085106,0.4235294117647059
0.7659574468085106,0.4235294117647059
0.7659574468085106,0.4235294117647059
0.7659574468085106,0.4235294117647059
0.7659574468085106,0.4235294117647059
0.7659574468085106,0.4235294117647059
0.7872340425531915,0.43023255813953487
0.7872340425531915,0.42528735632183906
0.7872340425531915,0.42528735632183906
0.7872340425531915,0.42528735632183906
0.7872340425531915,0.42528735632183906
0.7872340425531915,0.42528735632183906
0.7872340425531915,0.42528735632183906
0.7872340425531915,0.42528735632183906
0.7872340425531915,0.42528735632183906
0.7872340425531915,0.42528735632183906
0.7872340425531915,0.42528735632183906
0.7872340425531915,0.42528735632183906
0.7872340425531915,0.42045454545454547
0.7872340425531915,0.4157303370786517
0.7872340425531915,0.4157303370786517
0.7872340425531915,0.4111111111111111
0.7872340425531915,0.4111111111111111
0.7872340425531915,0.4111111111111111
0.7872340425531915,0.4111111111111111
0.7872340425531915,0.4111111111111111
0.7872340425531915,0.4111111111111111
0.7872340425531915,0.4111111111111111
0.7872340425531915,0.4111111111111111
0.7872340425531915,0.4111111111111111
0.7872340425531915,0.4111111111111111
0.7872340425531915,0.4111111111111111
0.7872340425531915,0.4111111111111111
0.7872340425531915,0.4111111111111111
0.7872340425531915,0.4111111111111111
0.7872340425531915,0.4111111111111111
0.7872340425531915,0.4111111111111111
0.7872340425531915,0.4111111111111111
0.7872340425531915,0.4111111111111111
0.7872340425531915,0.4065934065934066
0.7872340425531915,0.4065934065934066
0.7872340425531915,0.4065934065934066
0.7872340425531915,0.4065934065934066
0.7872340425531915,0.4065934065934066
0.7872340425531915,0.4065934065934066
0.7872340425531915,0.40217391304347827
0.7872340425531915,0.3978494623655914
0.7872340425531915,0.3978494623655914
0.7872340425531915,0.3978494623655914
0.7872340425531915,0.3978494623655914
0.7872340425531915,0.3978494623655914
0.7872340425531915,0.3978494623655914
0.7872340425531915,0.3978494623655914
0.7872340425531915,0.39361702127659576
0.7872340425531915,0.39361702127659576
0.7872340425531915,0.39361702127659576
0.7872340425531915,0.3894736842105263
0.7872340425531915,0.3894736842105263
0.7872340425531915,0.3854166666666667
0.7872340425531915,0.3854166666666667
0.7872340425531915,0.3854166666666667
0.7872340425531915,0.3854166666666667
0.7872340425531915,0.3854166666666667
0.7872340425531915,0.3854166666666667
0.7872340425531915,0.38144329896907214
0.7872340425531915,0.38144329896907214
0.7872340425531915,0.38144329896907214
0.7872340425531915,0.38144329896907214
0.7872340425531915,0.38144329896907214
0.7872340425531915,0.38144329896907214
0.7872340425531915,0.38144329896907214
0.7872340425531915,0.38144329896907214
0.7872340425531915,0.38144329896907214
0.7872340425531915,0.38144329896907214
0.7872340425531915,0.38144329896907214
0.7872340425531915,0.38144329896907214
0.7872340425531915,0.38144329896907214
0.7872340425531915,0.38144329896907214
0.7872340425531915,0.38144329896907214
0.7872340425531915,0.38144329896907214
0.7872340425531915,0.38144329896907214
0.7872340425531915,0.38144329896907214
0.7872340425531915,0.38144329896907214
0.7872340425531915,0.38144329896907214
0.7872340425531915,0.38144329896907214
0.7872340425531915,0.37755102040816324
0.7872340425531915,0.37755102040816324
0.7872340425531915,0.37755102040816324
0.7872340425531915,0.37755102040816324
0.7872340425531915,0.37755102040816324
0.7872340425531915,0.37755102040816324
0.7872340425531915,0.37755102040816324
0.7872340425531915,0.37755102040816324
0.7872340425531915,0.37755102040816324
0.7872340425531915,0.37755102040816324
0.7872340425531915,0.37755102040816324
0.7872340425531915,0.37373737373737376
0.7872340425531915,0.37373737373737376
0.7872340425531915,0.37373737373737376
0.7872340425531915,0.37373737373737376
0.7872340425531915,0.37373737373737376
0.7872340425531915,0.37373737373737376
0.7872340425531915,0.37373737373737376
0.7872340425531915,0.37373737373737376
0.7872340425531915,0.37373737373737376
0.7872340425531915,0.37373737373737376
0.7872340425531915,0.37373737373737376
0.7872340425531915,0.37373737373737376
0.7872340425531915,0.37373737373737376
0.7872340425531915,0.37373737373737376
0.7872340425531915,0.37373737373737376
0.7872340425531915,0.37
0.7872340425531915,0.37
0.7872340425531915,0.37
0.7872340425531915,0.37
0.7872340425531915,0.37
0.7872340425531915,0.37
0.7872340425531915,0.37
0.7872340425531915,0.37
0.7872340425531915,0.37
0.7872340425531915,0.37
0.7872340425531915,0.36633663366336633
0.7872340425531915,0.36633663366336633
0.7872340425531915,0.36633663366336633
0.7872340425531915,0.36633663366336633
0.7872340425531915,0.3627450980392157
0.7872340425531915,0.3592233009708738
0.7872340425531915,0.3592233009708738
0.7872340425531915,0.3592233009708738
0.7872340425531915,0.3592233009708738
0.7872340425531915,0.3592233009708738
0.7872340425531915,0.3557692307692308
0.7872340425531915,0.3557692307692308
0.8085106382978723,0.3619047619047619
0.8085106382978723,0.3619047619047619
0.8085106382978723,0.3584905660377358
0.8085106382978723,0.3584905660377358
0.8085106382978723,0.35514018691588783
0.8085106382978723,0.35514018691588783
0.8085106382978723,0.35514018691588783
0.8085106382978723,0.35185185185185186
0.8085106382978723,0.3486238532110092
0.8085106382978723,0.34545454545454546
0.8085106382978723,0.34545454545454546
0.8085106382978723,0.34545454545454546
0.8085106382978723,0.34545454545454546
0.8085106382978723,0.34545454545454546
0.8085106382978723,0.34545454545454546
0.8085106382978723,0.34545454545454546
0.8085106382978723,0.34545454545454546
0.8085106382978723,0.34545454545454546
0.8085106382978723,0.34545454545454546
0.8085106382978723,0.34545454545454546
0.8085106382978723,0.34545454545454546
0.8085106382978723,0.34545454545454546
0.8085106382978723,0.34545454545454546
0.8085106382978723,0.34545454545454546
0.8085106382978723,0.34545454545454546
0.8085106382978723,0.34234234234234234
0.8085106382978723,0.34234234234234234
0.8085106382978723,0.34234234234234234
0.8085106382978723,0.34234234234234234
0.8085106382978723,0.34234234234234234
0.8085106382978723,0.34234234234234234
0.8085106382978723,0.34234234234234234
0.8085106382978723,0.34234234234234234
0.8085106382978723,0.34234234234234234
0.8085106382978723,0.34234234234234234
0.8085106382978723,0.34234234234234234
0.8085106382978723,0.34234234234234234
0.8297872340425532,0.3482142857142857
0.8297872340425532,0.3482142857142857
0.8297872340425532,0.3482142857142857
0.8297872340425532,0.3482142857142857
0.8297872340425532,0.3482142857142857
0.8297872340425532,0.3482142857142857
0.8297872340425532,0.34513274336283184
0.8297872340425532,0.34513274336283184
0.8297872340425532,0.34513274336283184
0.8297872340425532,0.34513274336283184
0.8297872340425532,0.34513274336283184
0.8297872340425532,0.34513274336283184
0.8297872340425532,0.34513274336283184
0.8297872340425532,0.34513274336283184
0.8297872340425532,0.34513274336283184
0.8297872340425532,0.34513274336283184
0.8297872340425532,0.34513274336283184
0.8297872340425532,0.34513274336283184
0.8297872340425532,0.34513274336283184
0.8297872340425532,0.34210526315789475
0.8297872340425532,0.34210526315789475
0.8297872340425532,0.34210526315789475
0.8297872340425532,0.3391304347826087
0.8297872340425532,0.33620689655172414
0.8297872340425532,0.33620689655172414
0.8297872340425532,0.33620689655172414
0.8297872340425532,0.33620689655172414
0.8297872340425532,0.33620689655172414
0.8297872340425532,0.33620689655172414
0.8297872340425532,0.33620689655172414
0.8297872340425532,0.33620689655172414
0.8297872340425532,0.33620689655172414
0.8297872340425532,0.3333333333333333
0.8297872340425532,0.3305084745762712
0.8297872340425532,0.3305084745762712
0.8297872340425532,0.3277310924369748
0.8297872340425532,0.3277310924369748
0.8297872340425532,0.325
0.8297872340425532,0.325
0.8297872340425532,0.32231404958677684
0.8297872340425532,0.32231404958677684
0.8297872340425532,0.32231404958677684
0.8297872340425532,0.32231404958677684
0.8297872340425532,0.32231404958677684
0.8297872340425532,0.32231404958677684
0.8297872340425532,0.319672131147541
0.8297872340425532,0.319672131147541
0.8297872340425532,0.319672131147541
0.8297872340425532,0.3170731707317073
0.8297872340425532,0.3170731707317073
0.8297872340425532,0.31451612903225806
0.8297872340425532,0.31451612903225806
0.8297872340425532,0.312
0.8297872340425532,0.312
0.8297872340425532,0.312
0.8297872340425532,0.312
0.8297872340425532,0.312
0.8297872340425532,0.312
0.8297872340425532,0.312
0.8297872340425532,0.312
0.8297872340425532,0.312
0.8297872340425532,0.312
0.8297872340425532,0.312
0.8297872340425532,0.30952380952380953
0.8297872340425532,0.30952380952380953
0.8297872340425532,0.30708661417322836
0.8297872340425532,0.30708661417322836
0.8297872340425532,0.30708661417322836
0.8297872340425532,0.30708661417322836
0.8297872340425532,0.30708661417322836
0.8297872340425532,0.30708661417322836
0.8297872340425532,0.30708661417322836
0.8297872340425532,0.30708661417322836
0.8297872340425532,0.30708661417322836
0.8297872340425532,0.30708661417322836
0.8297872340425532,0.30708661417322836
0.8297872340425532,0.30708661417322836
0.8297872340425532,0.30708661417322836
0.851063829787234,0.3125
0.851063829787234,0.3125
0.851063829787234,0.3125
0.851063829787234,0.3125
0.851063829787234,0.31007751937984496
0.851063829787234,0.31007751937984496
0.851063829787234,0.3076923076923077
0.851063829787234,0.3053435114503817
0.851063829787234,0.30303030303030304
0.851063829787234,0.30303030303030304
0.851063829787234,0.30303030303030304
0.851063829787234,0.30303030303030304
0.851063829787234,0.3007518796992481
0.851063829787234,0.3007518796992481
0.851063829787234,0.3007518796992481
0.851063829787234,0.3007518796992481
0.851063829787234,0.3007518796992481
0.851063829787234,0.3007518796992481
0.851063829787234,0.3007518796992481
0.851063829787234,0.3007518796992481
0.851063829787234,0.3007518796992481
0.851063829787234,0.3007518796992481
0.851063829787234,0.3007518796992481
0.851063829787234,0.3007518796992481
0.851063829787234,0.3007518796992481
0.851063829787234,0.3007518796992481
0.851063829787234,0.29850746268656714
0.851063829787234,0.29850746268656714
0.851063829787234,0.29850746268656714
0.851063829787234,0.2962962962962963
0.851063829787234,0.2962962962962963
0.851063829787234,0.2962962962962963
0.851063829787234,0.2962962962962963
0.851063829787234,0.29411764705882354
0.851063829787234,0.291970802919708
0.851063829787234,0.2898550724637681
0.851063829787234,0.2898550724637681
0.851063829787234,0.2898550724637681
0.851063829787234,0.2898550724637681
0.851063829787234,0.2898550724637681
0.851063829787234,0.2898550724637681
0.851063829787234,0.2898550724637681
0.851063829787234,0.2898550724637681
0.851063829787234,0.2898550724637681
0.851063829787234,0.2898550724637681
0.851063829787234,0.28776978417266186
0.851063829787234,0.28776978417266186
0.851063829787234,0.28776978417266186
0.851063829787234,0.28776978417266186
0.851063829787234,0.28776978417266186
0.851063829787234,0.28776978417266186
0.851063829787234,0.28776978417266186
0.851063829787234,0.28776978417266186
0.851063829787234,0.2857142857142857
0.851063829787234,0.2857142857142857
0.851063829787234,0.2857142857142857
0.851063829787234,0.2857142857142857
0.851063829787234,0.28368794326241137
0.851063829787234,0.28368794326241137
0.851063829787234,0.28368794326241137
0.851063829787234,0.28169014084507044
0.851063829787234,0.28169014084507044
0.851063829787234,0.28169014084507044
0.851063829787234,0.27972027972027974
0.851063829787234,0.2777777777777778
0.851063829787234,0.2777777777777778
0.851063829787234,0.2777777777777778
0.851063829787234,0.2777777777777778
0.851063829787234,0.2777777777777778
0.851063829787234,0.27586206896551724
0.851063829787234,0.27586206896551724
0.851063829787234,0.27586206896551724
0.851063829787234,0.27586206896551724
0.851063829787234,0.27586206896551724
0.851063829787234,0.27586206896551724
0.8723404255319149,0.2808219178082192
0.8723404255319149,0.2808219178082192
0.8723404255319149,0.2789115646258503
0.8723404255319149,0.27702702702702703
0.8723404255319149,0.27702702702702703
0.8723404255319149,0.27702702702702703
0.8723404255319149,0.27702702702702703
0.8723404255319149,0.27702702702702703
0.8723404255319149,0.27702702702702703
0.8723404255319149,0.27702702702702703
0.8723404255319149,0.2751677852348993
0.8723404255319149,0.2751677852348993
0.8723404255319149,0.2751677852348993
0.8723404255319149,0.2751677852348993
0.8723404255319149,0.2751677852348993
0.8723404255319149,0.2751677852348993
0.8723404255319149,0.2751677852348993
0.8723404255319149,0.2751677852348993
0.8723404255319149,0.2751677852348993
0.8723404255319149,0.2751677852348993
0.8723404255319149,0.2751677852348993
0.8723404255319149,0.2751677852348993
0.8723404255319149,0.2751677852348993
0.8723404255319149,0.2751677852348993
0.8723404255319149,0.2751677852348993
0.8723404255319149,0.2751677852348993
0.8723404255319149,0.2733333333333333
0.8723404255319149,0.2733333333333333
0.8723404255319149,0.2733333333333333
0.8723404255319149,0.2733333333333333
0.8723404255319149,0.2733333333333333
0.8723404255319149,0.2733333333333333
0.8723404255319149,0.271523178807947
0.8723404255319149,0.271523178807947
0.8723404255319149,0.271523178807947
0.8723404255319149,0.271523178807947
0.8723404255319149,0.26973684210526316
0.8723404255319149,0.26973684210526316
0.8723404255319149,0.26973684210526316
0.8723404255319149,0.26973684210526316
0.8723404255319149,0.26973684210526316
0.8723404255319149,0.26973684210526316
0.8723404255319149,0.26973684210526316
0.8723404255319149,0.26973684210526316
0.8723404255319149,0.26973684210526316
0.8723404255319149,0.26973684210526316
0.8723404255319149,0.26973684210526316
0.8723404255319149,0.26973684210526316
0.8936170212765957,0.27450980392156865
0.8936170212765957,0.27450980392156865
0.8936170212765957,0.27450980392156865
0.8936170212765957,0.27450980392156865
0.8936170212765957,0.2727272727272727
0.8936170212765957,0.2727272727272727
0.8936170212765957,0.2727272727272727
0.8936170212765957,0.2727272727272727
0.8936170212765957,0.2727272727272727
0.8936170212765957,0.2727272727272727
0.8936170212765957,0.2727272727272727
0.8936170212765957,0.2727272727272727
0.8936170212765957,0.2727272727272727
0.8936170212765957,0.2727272727272727
0.8936170212765957,0.2727272727272727
0.8936170212765957,0.2727272727272727
0.8936170212765957,0.2727272727272727
0.8936170212765957,0.2727272727272727
0.8936170212765957,0.2709677419354839
0.8936170212765957,0.2709677419354839
0.8936170212765957,0.2709677419354839
0.8936170212765957,0.2709677419354839
0.8936170212765957,0.2709677419354839
0.8936170212765957,0.2692307692307692
0.8936170212765957,0.2692307692307692
0.8936170212765957,0.2692307692307692
0.8936170212765957,0.2692307692307692
0.8936170212765957,0.2692307692307692
0.8936170212765957,0.267515923566879
0.8936170212765957,0.267515923566879
0.8936170212765957,0.267515923566879
0.8936170212765957,0.26582278481012656
0.8936170212765957,0.2641509433962264
0.8936170212765957,0.2641509433962264
0.8936170212765957,0.2641509433962264
0.8936170212765957,0.2641509433962264
0.8936170212765957,0.2641509433962264
0.8936170212765957,0.2641509433962264
0.8936170212765957,0.2641509433962264
0.8936170212765957,0.2641509433962264
0.8936170212765957,0.2641509433962264
0.8936170212765957,0.2641509433962264
0.8936170212765957,0.2625
0.8936170212765957,0.2625
0.8936170212765957,0.2608695652173913
0.8936170212765957,0.25925925925925924
0.8936170212765957,0.25925925925925924
0.8936170212765957,0.25925925925925924
0.8936170212765957,0.25925925925925924
0.8936170212765957,0.25925925925925924
0.8936170212765957,0.25766871165644173
0.8936170212765957,0.25766871165644173
0.8936170212765957,0.25766871165644173
0.8936170212765957,0.25766871165644173
0.8936170212765957,0.25609756097560976
0.8936170212765957,0.25609756097560976
0.8936170212765957,0.25609756097560976
0.8936170212765957,0.25609756097560976
0.8936170212765957,0.25609756097560976
0.8936170212765957,0.25609756097560976
0.8936170212765957,0.25609756097560976
0.8936170212765957,0.25609756097560976
0.8936170212765957,0.25609756097560976
0.8936170212765957,0.25609756097560976
0.8936170212765957,0.25609756097560976
0.8936170212765957,0.25609756097560976
0.8936170212765957,0.2545454545454545
0.8936170212765957,0.2545454545454545
0.8936170212765957,0.2545454545454545
0.8936170212765957,0.2545454545454545
0.8936170212765957,0.2545454545454545
0.8936170212765957,0.2545454545454545
0.8936170212765957,0.25301204819277107
0.8936170212765957,0.25301204819277107
0.8936170212765957,0.25149700598802394
0.8936170212765957,0.25149700598802394
0.8936170212765957,0.25
0.8936170212765957,0.25
0.8936170212765957,0.25
0.8936170212765957,0.25
0.8936170212765957,0.25
0.8936170212765957,0.25
0.8936170212765957,0.2485207100591716
0.8936170212765957,0.24705882352941178
0.8936170212765957,0.24561403508771928
0.8936170212765957,0.24561403508771928
0.8936170212765957,0.24561403508771928
0.8936170212765957,0.24561403508771928
0.8936170212765957,0.24561403508771928
0.8936170212765957,0.24561403508771928
0.8936170212765957,0.24561403508771928
0.8936170212765957,0.24561403508771928
0.8936170212765957,0.24561403508771928
0.8936170212765957,0.24561403508771928
0.8936170212765957,0.24561403508771928
0.8936170212765957,0.24561403508771928
0.8936170212765957,0.24561403508771928
0.8936170212765957,0.24561403508771928
0.8936170212765957,0.2441860465116279
0.8936170212765957,0.2441860465116279
0.8936170212765957,0.2441860465116279
0.8936170212765957,0.2441860465116279
0.8936170212765957,0.24277456647398843
0.8936170212765957,0.24277456647398843
0.8936170212765957,0.24277456647398843
0.8936170212765957,0.24277456647398843
0.8936170212765957,0.24277456647398843
0.8936170212765957,0.24277456647398843
0.8936170212765957,0.24277456647398843
0.8936170212765957,0.2413793103448276
0.8936170212765957,0.24
0.8936170212765957,0.23863636363636365
0.8936170212765957,0.23863636363636365
0.8936170212765957,0.23863636363636365
0.8936170212765957,0.23863636363636365
0.8936170212765957,0.23863636363636365
0.8936170212765957,0.23863636363636365
0.8936170212765957,0.23863636363636365
0.8936170212765957,0.23863636363636365
0.8936170212765957,0.23863636363636365
0.8936170212765957,0.23728813559322035
0.8936170212765957,0.23595505617977527
0.8936170212765957,0.23595505617977527
0.8936170212765957,0.2346368715083799
0.8936170212765957,0.2346368715083799
0.8936170212765957,0.2346368715083799
0.8936170212765957,0.23333333333333334
0.8936170212765957,0.23204419889502761
0.8936170212765957,0.23076923076923078
0.8936170212765957,0.23076923076923078
0.8936170212765957,0.23076923076923078
0.8936170212765957,0.23076923076923078
0.8936170212765957,0.23076923076923078
0.8936170212765957,0.23076923076923078
0.8936170212765957,0.23076923076923078
0.8936170212765957,0.22950819672131148
0.8936170212765957,0.22950819672131148
0.8936170212765957,0.22950819672131148
0.8936170212765957,0.22950819672131148
0.8936170212765957,0.22950819672131148
0.8936170212765957,0.22950819672131148
0.8936170212765957,0.22826086956521738
0.8936170212765957,0.22826086956521738
0.8936170212765957,0.22826086956521738
0.8936170212765957,0.22702702702702704
0.8936170212765957,0.22702702702702704
0.8936170212765957,0.22580645161290322
0.8936170212765957,0.22459893048128343
0.8936170212765957,0.22459893048128343
0.8936170212765957,0.22459893048128343
0.8936170212765957,0.22459893048128343
0.8936170212765957,0.22459893048128343
0.8936170212765957,0.22459893048128343
0.8936170212765957,0.22459893048128343
0.8936170212765957,0.22459893048128343
0.8936170212765957,0.22459893048128343
0.8936170212765957,0.22459893048128343
0.8936170212765957,0.22459893048128343
0.8936170212765957,0.22459893048128343
0.8936170212765957,0.22459893048128343
0.8936170212765957,0.22459893048128343
0.8936170212765957,0.22459893048128343
0.8936170212765957,0.22340425531914893
0.8936170212765957,0.2222222222222222
0.8936170212765957,0.2222222222222222
0.8936170212765957,0.22105263157894736
0.8936170212765957,0.2198952879581152
0.8936170212765957,0.2198952879581152
0.8936170212765957,0.2198952879581152
0.8936170212765957,0.21875
0.8936170212765957,0.21875
0.8936170212765957,0.21875
0.8936170212765957,0.21875
0.8936170212765957,0.21875
0.8936170212765957,0.21875
0.8936170212765957,0.21875
0.8936170212765957,0.21875
0.8936170212765957,0.21875
0.8936170212765957,0.21875
0.8936170212765957,0.21875
0.8936170212765957,0.21875
0.8936170212765957,0.21875
0.8936170212765957,0.21761658031088082
0.8936170212765957,0.21761658031088082
0.8936170212765957,0.21649484536082475
0.8936170212765957,0.21649484536082475
0.8936170212765957,0.21649484536082475
0.8936170212765957,0.2153846153846154
0.8936170212765957,0.2153846153846154
0.8936170212765957,0.2153846153846154
0.8936170212765957,0.2153846153846154
0.8936170212765957,0.2153846153846154
0.8936170212765957,0.21428571428571427
0.8936170212765957,0.21428571428571427
0.8936170212765957,0.21428571428571427
0.8936170212765957,0.21428571428571427
0.8936170212765957,0.21428571428571427
0.8936170212765957,0.21428571428571427
0.8936170212765957,0.2131979695431472
0.8936170212765957,0.2131979695431472
0.8936170212765957,0.2131979695431472
0.8936170212765957,0.21212121212121213
0.8936170212765957,0.21105527638190955
0.8936170212765957,0.21105527638190955
0.8936170212765957,0.21
0.8936170212765957,0.21
0.8936170212765957,0.208955223880597
0.8936170212765957,0.208955223880597
0.8936170212765957,0.2079207920792079
0.8936170212765957,0.20689655172413793
0.8936170212765957,0.20689655172413793
0.8936170212765957,0.20689655172413793
0.8936170212765957,0.20588235294117646
0.8936170212765957,0.20588235294117646
0.8936170212765957,0.2048780487804878
0.8936170212765957,0.2048780487804878
0.8936170212765957,0.2048780487804878
0.8936170212765957,0.2048780487804878
0.8936170212765957,0.2048780487804878
0.8936170212765957,0.20388349514563106
0.8936170212765957,0.20388349514563106
0.8936170212765957,0.20388349514563106
0.8936170212765957,0.20388349514563106
0.8936170212765957,0.20388349514563106
0.8936170212765957,0.20388349514563106
0.8936170212765957,0.20388349514563106
0.8936170212765957,0.20388349514563106
0.8936170212765957,0.20388349514563106
0.8936170212765957,0.20388349514563106
0.8936170212765957,0.20388349514563106
0.8936170212765957,0.20388349514563106
0.8936170212765957,0.20388349514563106
0.8936170212765957,0.20388349514563106
0.8936170212765957,0.20388349514563106
0.8936170212765957,0.20388349514563106
0.8936170212765957,0.2028985507246377
0.8936170212765957,0.20192307692307693
0.8936170212765957,0.20192307692307693
0.8936170212765957,0.20192307692307693
0.8936170212765957,0.20192307692307693
0.8936170212765957,0.20192307692307693
0.8936170212765957,0.20192307692307693
0.8936170212765957,0.20192307692307693
0.8936170212765957,0.20192307692307693
0.8936170212765957,0.20192307692307693
0.8936170212765957,0.20095693779904306
0.8936170212765957,0.20095693779904306
0.8936170212765957,0.2
0.8936170212765957,0.2
0.8936170212765957,0.1990521327014218
0.8936170212765957,0.1990521327014218
0.8936170212765957,0.1990521327014218
0.8936170212765957,0.1990521327014218
0.8936170212765957,0.1990521327014218
0.8936170212765957,0.1990521327014218
0.8936170212765957,0.19811320754716982
0.8936170212765957,0.19718309859154928
0.8936170212765957,0.19718309859154928
0.8936170212765957,0.19718309859154928
0.9148936170212766,0.20093457943925233
0.9148936170212766,0.2
0.9148936170212766,0.2
0.9148936170212766,0.2
0.9148936170212766,0.19907407407407407
0.9148936170212766,0.19815668202764977
0.9148936170212766,0.19815668202764977
0.9148936170212766,0.19815668202764977
0.9148936170212766,0.19815668202764977
0.9148936170212766,0.19815668202764977
0.9148936170212766,0.19815668202764977
0.9148936170212766,0.19815668202764977
0.9148936170212766,0.19815668202764977
0.9148936170212766,0.19815668202764977
0.9148936170212766,0.19815668202764977
0.9148936170212766,0.19815668202764977
0.9148936170212766,0.19815668202764977
0.9148936170212766,0.19724770642201836
0.9148936170212766,0.19724770642201836
0.9148936170212766,0.19724770642201836
0.9148936170212766,0.19724770642201836
0.9148936170212766,0.19724770642201836
0.9148936170212766,0.19724770642201836
0.9148936170212766,0.1963470319634703
0.9148936170212766,0.1963470319634703
0.9148936170212766,0.1963470319634703
0.9148936170212766,0.1963470319634703
0.9148936170212766,0.19545454545454546
0.9148936170212766,0.19545454545454546
0.9148936170212766,0.19545454545454546
0.9148936170212766,0.19545454545454546
0.9148936170212766,0.19457013574660634
0.9148936170212766,0.19369369369369369
0.9148936170212766,0.19369369369369369
0.9148936170212766,0.19369369369369369
0.9148936170212766,0.19369369369369369
0.9148936170212766,0.19369369369369369
0.9148936170212766,0.19369369369369369
0.9148936170212766,0.19369369369369369
0.9148936170212766,0.19369369369369369
0.9148936170212766,0.19282511210762332
0.9148936170212766,0.19282511210762332
0.9148936170212766,0.19282511210762332
0.9148936170212766,0.19282511210762332
0.9148936170212766,0.19196428571428573
0.9148936170212766,0.19196428571428573
0.9148936170212766,0.19196428571428573
0.9148936170212766,0.19196428571428573
0.9148936170212766,0.19111111111111112
0.9148936170212766,0.19111111111111112
0.9148936170212766,0.19111111111111112
0.9148936170212766,0.19111111111111112
0.9148936170212766,0.19111111111111112
0.9148936170212766,0.19111111111111112
0.9148936170212766,0.19111111111111112
0.9148936170212766,0.19111111111111112
0.9148936170212766,0.19111111111111112
0.9148936170212766,0.19111111111111112
0.9148936170212766,0.1902654867256637
0.9148936170212766,0.1902654867256637
0.9148936170212766,0.1902654867256637
0.9148936170212766,0.1902654867256637
0.9148936170212766,0.1902654867256637
0.9148936170212766,0.1902654867256637
0.9148936170212766,0.1894273127753304
0.9148936170212766,0.1894273127753304
0.9148936170212766,0.1894273127753304
0.9148936170212766,0.1894273127753304
0.9148936170212766,0.1894273127753304
0.9148936170212766,0.18859649122807018
0.9148936170212766,0.18859649122807018
0.9148936170212766,0.18859649122807018
0.9148936170212766,0.18859649122807018
0.9148936170212766,0.18859649122807018
0.9148936170212766,0.18859649122807018
0.9148936170212766,0.18859649122807018
0.9148936170212766,0.18859649122807018
0.9148936170212766,0.18859649122807018
0.9148936170212766,0.18859649122807018
0.9148936170212766,0.18859649122807018
0.9148936170212766,0.18777292576419213
0.9148936170212766,0.18777292576419213
0.9148936170212766,0.18695652173913044
0.9148936170212766,0.18695652173913044
0.9148936170212766,0.18695652173913044
0.9148936170212766,0.18695652173913044
0.9148936170212766,0.18695652173913044
0.9148936170212766,0.18614718614718614
0.9148936170212766,0.1853448275862069
0.9148936170212766,0.1853448275862069
0.9148936170212766,0.1853448275862069
0.9148936170212766,0.1853448275862069
0.9148936170212766,0.1853448275862069
0.9148936170212766,0.18454935622317598
0.9148936170212766,0.18376068376068377
0.9148936170212766,0.18376068376068377
0.9148936170212766,0.18376068376068377
0.9148936170212766,0.18376068376068377
0.9148936170212766,0.18376068376068377
0.9148936170212766,0.18376068376068377
0.9148936170212766,0.18376068376068377
0.9148936170212766,0.18376068376068377
0.9361702127659575,0.18723404255319148
0.9361702127659575,0.18723404255319148
0.9361702127659575,0.18723404255319148
0.9361702127659575,0.18723404255319148
0.9361702127659575,0.18723404255319148
0.9361702127659575,0.18723404255319148
0.9361702127659575,0.18723404255319148
0.9361702127659575,0.18723404255319148
0.9361702127659575,0.1864406779661017
0.9361702127659575,0.1864406779661017
0.9361702127659575,0.1864406779661017
0.9361702127659575,0.1864406779661017
0.9361702127659575,0.18565400843881857
0.9361702127659575,0.18565400843881857
0.9361702127659575,0.18487394957983194
0.9361702127659575,0.18487394957983194
0.9361702127659575,0.18487394957983194
0.9361702127659575,0.18410041841004185
0.9361702127659575,0.18333333333333332
0.9361702127659575,0.1825726141078838
0.9361702127659575,0.1825726141078838
0.9361702127659575,0.1825726141078838
0.9361702127659575,0.1825726141078838
0.9361702127659575,0.1825726141078838
0.9361702127659575,0.1825726141078838
0.9361702127659575,0.1825726141078838
0.9361702127659575,0.18181818181818182
0.9361702127659575,0.18106995884773663
0.9361702127659575,0.18106995884773663
0.9361702127659575,0.18106995884773663
0.9361702127659575,0.18106995884773663
0.9361702127659575,0.18106995884773663
0.9361702127659575,0.18032786885245902
0.9361702127659575,0.17959183673469387
0.9361702127659575,0.17959183673469387
0.9361702127659575,0.17959183673469387
0.9361702127659575,0.17959183673469387
0.9361702127659575,0.17886178861788618
0.9361702127659575,0.17813765182186234
0.9361702127659575,0.1774193548387097
0.9361702127659575,0.1774193548387097
0.9361702127659575,0.17670682730923695
0.9361702127659575,0.17670682730923695
0.9361702127659575,0.176
0.9361702127659575,0.176
0.9361702127659575,0.176
0.9361702127659575,0.176
0.9361702127659575,0.176
0.9361702127659575,0.176
0.9361702127659575,0.1752988047808765
0.9361702127659575,0.1752988047808765
0.9361702127659575,0.1752988047808765
0.9361702127659575,0.1752988047808765
0.9361702127659575,0.1752988047808765
0.9361702127659575,0.1752988047808765
0.9361702127659575,0.1752988047808765
0.9361702127659575,0.1752988047808765
0.9361702127659575,0.1752988047808765
0.9361702127659575,0.1752988047808765
0.9361702127659575,0.1752988047808765
0.9361702127659575,0.1752988047808765
0.9361702127659575,0.1752988047808765
0.9361702127659575,0.1752988047808765
0.9361702127659575,0.1752988047808765
0.9361702127659575,0.1752988047808765
0.9361702127659575,0.1752988047808765
0.9361702127659575,0.1752988047808765
0.9361702127659575,0.1752988047808765
0.9361702127659575,0.1752988047808765
0.9361702127659575,0.1746031746031746
0.9361702127659575,0.1746031746031746
0.9361702127659575,0.1746031746031746
0.9361702127659575,0.1746031746031746
0.9361702127659575,0.1746031746031746
0.9361702127659575,0.17391304347826086
0.9361702127659575,0.17391304347826086
0.9361702127659575,0.17391304347826086
0.9361702127659575,0.17391304347826086
0.9361702127659575,0.17391304347826086
0.9361702127659575,0.17391304347826086
0.9361702127659575,0.17391304347826086
0.9361702127659575,0.17391304347826086
0.9361702127659575,0.17391304347826086
0.9361702127659575,0.17391304347826086
0.9361702127659575,0.1732283464566929
0.9361702127659575,0.1732283464566929
0.9361702127659575,0.1732283464566929
0.9361702127659575,0.1732283464566929
0.9361702127659575,0.17254901960784313
0.9361702127659575,0.17254901960784313
0.9361702127659575,0.17254901960784313
0.9361702127659575,0.171875
0.9361702127659575,0.171875
0.9361702127659575,0.171875
0.9361702127659575,0.171875
0.9361702127659575,0.171875
0.9361702127659575,0.17120622568093385
0.9361702127659575,0.17120622568093385
0.9361702127659575,0.17120622568093385
0.9361702127659575,0.17120622568093385
0.9361702127659575,0.17120622568093385
0.9361702127659575,0.17120622568093385
0.9361702127659575,0.17120622568093385
0.9361702127659575,0.17054263565891473
0.9361702127659575,0.17054263565891473
0.9361702127659575,0.17054263565891473
0.9361702127659575,0.16988416988416988
0.9361702127659575,0.16988416988416988
0.9361702127659575,0.16988416988416988
0.9361702127659575,0.16988416988416988
0.9361702127659575,0.16988416988416988
0.9361702127659575,0.16988416988416988
0.9361702127659575,0.16988416988416988
0.9361702127659575,0.16988416988416988
0.9361702127659575,0.16923076923076924
0.9361702127659575,0.16923076923076924
0.9361702127659575,0.16923076923076924
0.9361702127659575,0.16923076923076924
0.9361702127659575,0.16923076923076924
0.9361702127659575,0.1685823754789272
0.9361702127659575,0.1685823754789272
0.9361702127659575,0.1685823754789272
0.9361702127659575,0.1685823754789272
0.9361702127659575,0.16793893129770993
0.9361702127659575,0.16793893129770993
0.9361702127659575,0.16793893129770993
0.9361702127659575,0.16793893129770993
0.9361702127659575,0.16793893129770993
0.9361702127659575,0.16793893129770993
0.9361702127659575,0.16793893129770993
0.9361702127659575,0.16730038022813687
0.9361702127659575,0.16730038022813687
0.9361702127659575,0.16730038022813687
0.9361702127659575,0.16730038022813687
0.9361702127659575,0.16666666666666666
0.9361702127659575,0.16666666666666666
0.9361702127659575,0.16666666666666666
0.9361702127659575,0.16666666666666666
0.9361702127659575,0.1660377358490566
0.9361702127659575,0.1660377358490566
0.9361702127659575,0.1660377358490566
0.9361702127659575,0.1660377358490566
0.9361702127659575,0.1660377358490566
0.9361702127659575,0.1660377358490566
0.9361702127659575,0.1660377358490566
0.9361702127659575,0.1660377358490566
0.9361702127659575,0.16541353383458646
0.9361702127659575,0.16541353383458646
0.9574468085106383,0.16853932584269662
0.9574468085106383,0.16853932584269662
0.9574468085106383,0.16791044776119404
0.9574468085106383,0.16791044776119404
0.9574468085106383,0.16728624535315986
0.9574468085106383,0.16666666666666666
0.9574468085106383,0.16666666666666666
0.9574468085106383,0.16666666666666666
0.9574468085106383,0.16666666666666666
0.9574468085106383,0.16666666666666666
0.9574468085106383,0.16605166051660517
0.9574468085106383,0.16605166051660517
0.9574468085106383,0.16605166051660517
0.9574468085106383,0.16605166051660517
0.9574468085106383,0.16605166051660517
0.9574468085106383,0.16605166051660517
0.9574468085106383,0.16605166051660517
0.9574468085106383,0.16544117647058823
0.9574468085106383,0.16544117647058823
0.9574468085106383,0.16483516483516483
0.9574468085106383,0.16423357664233576
0.9574468085106383,0.16363636363636364
0.9574468085106383,0.16304347826086957
0.9574468085106383,0.1624548736462094
0.9574468085106383,0.1624548736462094
0.9574468085106383,0.1624548736462094
0.9574468085106383,0.1624548736462094
0.9574468085106383,0.1624548736462094
0.9574468085106383,0.1624548736462094
0.9574468085106383,0.1624548736462094
0.9574468085106383,0.1624548736462094
0.9574468085106383,0.1624548736462094
0.9574468085106383,0.1618705035971223
0.9574468085106383,0.1618705035971223
0.9574468085106383,0.1618705035971223
0.9574468085106383,0.1618705035971223
0.9574468085106383,0.1618705035971223
0.9574468085106383,0.1618705035971223
0.9574468085106383,0.1618705035971223
0.9574468085106383,0.16129032258064516
0.9574468085106383,0.16129032258064516
0.9574468085106383,0.16071428571428573
0.9574468085106383,0.16071428571428573
0.9574468085106383,0.1601423487544484
0.9574468085106383,0.1601423487544484
0.9574468085106383,0.1595744680851064
0.9574468085106383,0.1595744680851064
0.9574468085106383,0.1595744680851064
0.9574468085106383,0.1595744680851064
0.9574468085106383,0.1595744680851064
0.9574468085106383,0.1595744680851064
0.9574468085106383,0.1595744680851064
0.9574468085106383,0.1595744680851064
0.9574468085106383,0.1595744680851064
0.9574468085106383,0.1595744680851064
0.9574468085106383,0.1595744680851064
0.9574468085106383,0.1595744680851064
0.9574468085106383,0.15901060070671377
0.9574468085106383,0.15901060070671377
0.9574468085106383,0.15901060070671377
0.9574468085106383,0.15901060070671377
0.9574468085106383,0.15901060070671377
0.9574468085106383,0.15901060070671377
0.9574468085106383,0.15901060070671377
0.9574468085106383,0.15845070422535212
0.9574468085106383,0.15845070422535212
0.9574468085106383,0.15845070422535212
0.9574468085106383,0.15789473684210525
0.9574468085106383,0.15789473684210525
0.9574468085106383,0.15789473684210525
0.9574468085106383,0.15734265734265734
0.9574468085106383,0.156794425087108
0.9574468085106383,0.156794425087108
0.9574468085106383,0.156794425087108
0.9574468085106383,0.156794425087108
0.9574468085106383,0.156794425087108
0.9574468085106383,0.156794425087108
0.9574468085106383,0.156794425087108
0.9574468085106383,0.15625
0.9574468085106383,0.15625
0.9574468085106383,0.15625
0.9574468085106383,0.15625
0.9574468085106383,0.15570934256055363
0.9574468085106383,0.15570934256055363
0.9574468085106383,0.15517241379310345
0.9574468085106383,0.15517241379310345
0.9574468085106383,0.15517241379310345
0.9574468085106383,0.15517241379310345
0.9574468085106383,0.15517241379310345
0.9574468085106383,0.15517241379310345
0.9574468085106383,0.15517241379310345
0.9574468085106383,0.15517241379310345
0.9574468085106383,0.15463917525773196
0.9574468085106383,0.15463917525773196
0.9574468085106383,0.15463917525773196
0.9787234042553191,0.15753424657534246
0.9787234042553191,0.15753424657534246
0.9787234042553191,0.15753424657534246
0.9787234042553191,0.15753424657534246
0.9787234042553191,0.15753424657534246
0.9787234042553191,0.15753424657534246
0.9787234042553191,0.15753424657534246
0.9787234042553191,0.15699658703071673
0.9787234042553191,0.15699658703071673
0.9787234042553191,0.15699658703071673
0.9787234042553191,0.1564625850340136
0.9787234042553191,0.1564625850340136
0.9787234042553191,0.15593220338983052
0.9787234042553191,0.15593220338983052
0.9787234042553191,0.1554054054054054
0.9787234042553191,0.15488215488215487
0.9787234042553191,0.15488215488215487
0.9787234042553191,0.15436241610738255
0.9787234042553191,0.15384615384615385
0.9787234042553191,0.15384615384615385
0.9787234042553191,0.15384615384615385
0.9787234042553191,0.15384615384615385
0.9787234042553191,0.15384615384615385
0.9787234042553191,0.15384615384615385
0.9787234042553191,0.15384615384615385
0.9787234042553191,0.15333333333333332
0.9787234042553191,0.15282392026578073
0.9787234042553191,0.15282392026578073
0.9787234042553191,0.152317880794702
0.9787234042553191,0.152317880794702
0.9787234042553191,0.15181518151815182
0.9787234042553191,0.15181518151815182
0.9787234042553191,0.15181518151815182
0.9787234042553191,0.15181518151815182
0.9787234042553191,0.1513157894736842
0.9787234042553191,0.1513157894736842
0.9787234042553191,0.1513157894736842
0.9787234042553191,0.1513157894736842
0.9787234042553191,0.1513157894736842
0.9787234042553191,0.1513157894736842
0.9787234042553191,0.1513157894736842
0.9787234042553191,0.15081967213114755
0.9787234042553191,0.15081967213114755
0.9787234042553191,0.15081967213114755
0.9787234042553191,0.15081967213114755
0.9787234042553191,0.15081967213114755
0.9787234042553191,0.15081967213114755
0.9787234042553191,0.15081967213114755
0.9787234042553191,0.1503267973856209
0.9787234042553191,0.1503267973856209
0.9787234042553191,0.1498371335504886
0.9787234042553191,0.1498371335504886
0.9787234042553191,0.1498371335504886
0.9787234042553191,0.1498371335504886
0.9787234042553191,0.1498371335504886
0.9787234042553191,0.1498371335504886
0.9787234042553191,0.14935064935064934
0.9787234042553191,0.14935064935064934
0.9787234042553191,0.14935064935064934
0.9787234042553191,0.14935064935064934
0.9787234042553191,0.1488673139158576
0.9787234042553191,0.1488673139158576
0.9787234042553191,0.1488673139158576
0.9787234042553191,0.14838709677419354
0.9787234042553191,0.14838709677419354
0.9787234042553191,0.14838709677419354
0.9787234042553191,0.14838709677419354
0.9787234042553191,0.14838709677419354
0.9787234042553191,0.14838709677419354
0.9787234042553191,0.14838709677419354
0.9787234042553191,0.14838709677419354
0.9787234042553191,0.14838709677419354
0.9787234042553191,0.14838709677419354
0.9787234042553191,0.14838709677419354
0.9787234042553191,0.14838709677419354
0.9787234042553191,0.14838709677419354
0.9787234042553191,0.14838709677419354
0.9787234042553191,0.14838709677419354
0.9787234042553191,0.14790996784565916
0.9787234042553191,0.14790996784565916
0.9787234042553191,0.14790996784565916
0.9787234042553191,0.14790996784565916
0.9787234042553191,0.14743589743589744
0.9787234042553191,0.14743589743589744
0.9787234042553191,0.14696485623003194
0.9787234042553191,0.14696485623003194
0.9787234042553191,0.14696485623003194
0.9787234042553191,0.14696485623003194
0.9787234042553191,0.14696485623003194
0.9787234042553191,0.14696485623003194
0.9787234042553191,0.14696485623003194
0.9787234042553191,0.14696485623003194
0.9787234042553191,0.14696485623003194
0.9787234042553191,0.14696485623003194
0.9787234042553191,0.14696485623003194
0.9787234042553191,0.14696485623003194
0.9787234042553191,0.1464968152866242
0.9787234042553191,0.1464968152866242
0.9787234042553191,0.1464968152866242
0.9787234042553191,0.14603174603174604
0.9787234042553191,0.14603174603174604
0.9787234042553191,0.14603174603174604
0.9787234042553191,0.14603174603174604
0.9787234042553191,0.14603174603174604
0.9787234042553191,0.14603174603174604
0.9787234042553191,0.14603174603174604
0.9787234042553191,0.14603174603174604
0.9787234042553191,0.14556962025316456
0.9787234042553191,0.14556962025316456
0.9787234042553191,0.14511041009463724
0.9787234042553191,0.14511041009463724
0.9787234042553191,0.14511041009463724
0.9787234042553191,0.14465408805031446
0.9787234042553191,0.14465408805031446
0.9787234042553191,0.14465408805031446
0.9787234042553191,0.14465408805031446
0.9787234042553191,0.14420062695924765
0.9787234042553191,0.14420062695924765
0.9787234042553191,0.14420062695924765
0.9787234042553191,0.14420062695924765
0.9787234042553191,0.14420062695924765
0.9787234042553191,0.14375
0.9787234042553191,0.14375
0.9787234042553191,0.14375
0.9787234042553191,0.14375
0.9787234042553191,0.14375
0.9787234042553191,0.14375
0.9787234042553191,0.14375
0.9787234042553191,0.14375
0.9787234042553191,0.14375
0.9787234042553191,0.14375
0.9787234042553191,0.14375
0.9787234042553191,0.14375
0.9787234042553191,0.14375
0.9787234042553191,0.14375
0.9787234042553191,0.14330218068535824
0.9787234042553191,0.14330218068535824
0.9787234042553191,0.14285714285714285
0.9787234042553191,0.14241486068111456
0.9787234042553191,0.14241486068111456
0.9787234042553191,0.14241486068111456
0.9787234042553191,0.14241486068111456
0.9787234042553191,0.1419753086419753
0.9787234042553191,0.1419753086419753
0.9787234042553191,0.1419753086419753
0.9787234042553191,0.1419753086419753
0.9787234042553191,0.1419753086419753
0.9787234042553191,0.1419753086419753
0.9787234042553191,0.1419753086419753
0.9787234042553191,0.14153846153846153
0.9787234042553191,0.14153846153846153
0.9787234042553191,0.14153846153846153
0.9787234042553191,0.14153846153846153
0.9787234042553191,0.14153846153846153
0.9787234042553191,0.14153846153846153
0.9787234042553191,0.14153846153846153
0.9787234042553191,0.14153846153846153
0.9787234042553191,0.14153846153846153
0.9787234042553191,0.14153846153846153
0.9787234042553191,0.1411042944785276
0.9787234042553191,0.14067278287461774
0.9787234042553191,0.14067278287461774
0.9787234042553191,0.14067278287461774
0.9787234042553191,0.14067278287461774
0.9787234042553191,0.1402439024390244
0.9787234042553191,0.1398176291793313
0.9787234042553191,0.1398176291793313
0.9787234042553191,0.1398176291793313
0.9787234042553191,0.1393939393939394
0.9787234042553191,0.1393939393939394
0.9787234042553191,0.1393939393939394
0.9787234042553191,0.1393939393939394
0.9787234042553191,0.1393939393939394
0.9787234042553191,0.13897280966767372
0.9787234042553191,0.13897280966767372
0.9787234042553191,0.13897280966767372
0.9787234042553191,0.13855421686746988
0.9787234042553191,0.13855421686746988
0.9787234042553191,0.13813813813813813
0.9787234042553191,0.1377245508982036
0.9787234042553191,0.1377245508982036
0.9787234042553191,0.1373134328358209
0.9787234042553191,0.13690476190476192
0.9787234042553191,0.13649851632047477
0.9787234042553191,0.13649851632047477
0.9787234042553191,0.13649851632047477
0.9787234042553191,0.13649851632047477
0.9787234042553191,0.13649851632047477
0.9787234042553191,0.13649851632047477
0.9787234042553191,0.13609467455621302
0.9787234042553191,0.13609467455621302
0.9787234042553191,0.13569321533923304
0.9787234042553191,0.13529411764705881
0.9787234042553191,0.13529411764705881
0.9787234042553191,0.1348973607038123
0.9787234042553191,0.1348973607038123
0.9787234042553191,0.13450292397660818
0.9787234042553191,0.13450292397660818
0.9787234042553191,0.13450292397660818
0.9787234042553191,0.13450292397660818
0.9787234042553191,0.13450292397660818
0.9787234042553191,0.13450292397660818
0.9787234042553191,0.13450292397660818
0.9787234042553191,0.13450292397660818
0.9787234042553191,0.13450292397660818
0.9787234042553191,0.13450292397660818
0.9787234042553191,0.13411078717201166
