0.008928571428571428,1.0
0.008928571428571428,1.0
0.017857142857142856,1.0
0.026785714285714284,1.0
0.03571428571428571,1.0
0.03571428571428571,0.8
0.03571428571428571,0.8
0.03571428571428571,0.8
0.03571428571428571,0.8
0.044642857142857144,0.8333333333333334
0.05357142857142857,0.8571428571428571
0.05357142857142857,0.75
0.05357142857142857,0.75
0.05357142857142857,0.75
0.05357142857142857,0.6666666666666666
0.0625,0.7
0.0625,0.7
0.0625,0.7
0.0625,0.7
0.0625,0.6363636363636364
0.0625,0.6363636363636364
0.0625,0.6363636363636364
0.0625,0.6363636363636364
0.07142857142857142,0.6666666666666666
0.07142857142857142,0.6666666666666666
0.07142857142857142,0.6666666666666666
0.08035714285714286,0.6923076923076923
0.08928571428571429,0.7142857142857143
0.08928571428571429,0.7142857142857143
0.08928571428571429,0.7142857142857143
0.09821428571428571,0.7333333333333333
0.09821428571428571,0.6875
0.10714285714285714,0.7058823529411765
0.10714285714285714,0.7058823529411765
0.10714285714285714,0.7058823529411765
0.11607142857142858,0.7222222222222222
0.11607142857142858,0.7222222222222222
0.125,0.7368421052631579
0.13392857142857142,0.75
0.14285714285714285,0.7619047619047619
0.14285714285714285,0.7619047619047619
0.14285714285714285,0.7619047619047619
0.14285714285714285,0.7619047619047619
0.14285714285714285,0.7619047619047619
0.14285714285714285,0.7619047619047619
0.15178571428571427,0.7727272727272727
0.15178571428571427,0.7727272727272727
0.16071428571428573,0.782608695652174
0.16071428571428573,0.782608695652174
0.16071428571428573,0.782608695652174
0.16071428571428573,0.782608695652174
0.16071428571428573,0.782608695652174
0.16964285714285715,0.7916666666666666
0.16964285714285715,0.7916666666666666
0.16964285714285715,0.7916666666666666
0.16964285714285715,0.76
0.17857142857142858,0.7692307692307693
0.1875,0.7777777777777778
0.19642857142857142,0.7857142857142857
0.19642857142857142,0.7586206896551724
0.19642857142857142,0.7333333333333333
0.19642857142857142,0.7333333333333333
0.19642857142857142,0.7333333333333333
0.20535714285714285,0.7419354838709677
0.20535714285714285,0.7419354838709677
0.20535714285714285,0.7419354838709677
0.21428571428571427,0.75
0.22321428571428573,0.7575757575757576
0.22321428571428573,0.7352941176470589
0.22321428571428573,0.7142857142857143
0.22321428571428573,0.7142857142857143
0.22321428571428573,0.7142857142857143
0.23214285714285715,0.7222222222222222
0.23214285714285715,0.7222222222222222
0.23214285714285715,0.7027027027027027
0.23214285714285715,0.7027027027027027
0.23214285714285715,0.7027027027027027
0.23214285714285715,0.6842105263157895
0.23214285714285715,0.6842105263157895
0.23214285714285715,0.6842105263157895
0.24107142857142858,0.6923076923076923
0.24107142857142858,0.6923076923076923
0.24107142857142858,0.6923076923076923
0.24107142857142858,0.6923076923076923
0.24107142857142858,0.6923076923076923
0.25,0.7
0.25,0.7
0.25,0.7
0.25,0.6829268292682927
0.25,0.6666666666666666
0.25,0.6666666666666666
0.25,0.6666666666666666
0.25,0.6511627906976745
0.25,0.6511627906976745
0.25,0.6363636363636364
0.25,0.6222222222222222
0.25,0.6222222222222222
0.25,0.6222222222222222
0.25,0.6222222222222222
0.25,0.6086956521739131
0.25,0.6086956521739131
0.25,0.6086956521739131
0.25,0.6086956521739131
0.25,0.6086956521739131
0.25,0.6086956521739131
0.25892857142857145,0.6170212765957447
0.25892857142857145,0.6170212765957447
0.25892857142857145,0.6170212765957447
0.25892857142857145,0.6170212765957447
0.25892857142857145,0.6170212765957447
0.25892857142857145,0.6170212765957447
0.25892857142857145,0.6170212765957447
0.25892857142857145,0.6170212765957447
0.26785714285714285,0.625
0.26785714285714285,0.625
0.26785714285714285,0.625
0.26785714285714285,0.625
0.26785714285714285,0.6122448979591837
0.26785714285714285,0.6
0.26785714285714285,0.6
0.26785714285714285,0.6
0.26785714285714285,0.6
0.26785714285714285,0.6
0.2767857142857143,0.6078431372549019
0.2857142857142857,0.6153846153846154
0.2857142857142857,0.6153846153846154
0.29464285714285715,0.6226415094339622
0.29464285714285715,0.6226415094339622
0.30357142857142855,0.6296296296296297
0.30357142857142855,0.6181818181818182
0.30357142857142855,0.6181818181818182
0.30357142857142855,0.6181818181818182
0.30357142857142855,0.6181818181818182
0.3125,0.625
0.3125,0.625
0.3125,0.625
0.3125,0.625
0.32142857142857145,0.631578947368421
0.32142857142857145,0.6206896551724138
0.32142857142857145,0.6206896551724138
0.32142857142857145,0.6206896551724138
0.32142857142857145,0.6206896551724138
0.33035714285714285,0.6271186440677966
0.33035714285714285,0.6271186440677966
0.33035714285714285,0.6166666666666667
0.33035714285714285,0.6166666666666667
0.33035714285714285,0.6166666666666667
0.3392857142857143,0.6229508196721312
0.3392857142857143,0.6229508196721312
0.3392857142857143,0.6229508196721312
0.3392857142857143,0.6229508196721312
0.3392857142857143,0.6229508196721312
0.3392857142857143,0.6229508196721312
0.3392857142857143,0.6129032258064516
0.3392857142857143,0.6129032258064516
0.3392857142857143,0.6129032258064516
0.3392857142857143,0.6129032258064516
0.3392857142857143,0.6129032258064516
0.3392857142857143,0.6031746031746031
0.3392857142857143,0.6031746031746031
0.3392857142857143,0.6031746031746031
0.3392857142857143,0.6031746031746031
0.3392857142857143,0.59375
0.3482142857142857,0.6
0.35714285714285715,0.6060606060606061
0.35714285714285715,0.5970149253731343
0.35714285714285715,0.5970149253731343
0.35714285714285715,0.5970149253731343
0.35714285714285715,0.5970149253731343
0.35714285714285715,0.5970149253731343
0.35714285714285715,0.5882352941176471
0.35714285714285715,0.5797101449275363
0.35714285714285715,0.5797101449275363
0.35714285714285715,0.5714285714285714
0.35714285714285715,0.5714285714285714
0.35714285714285715,0.5714285714285714
0.35714285714285715,0.5714285714285714
0.35714285714285715,0.5714285714285714
0.35714285714285715,0.5633802816901409
0.35714285714285715,0.5555555555555556
0.35714285714285715,0.547945205479452
0.36607142857142855,0.5540540540540541
0.36607142857142855,0.5540540540540541
0.36607142857142855,0.5466666666666666
0.36607142857142855,0.5394736842105263
0.375,0.5454545454545454
0.375,0.5454545454545454
0.375,0.5384615384615384
0.38392857142857145,0.5443037974683544
0.38392857142857145,0.5443037974683544
0.38392857142857145,0.5375
0.38392857142857145,0.5375
0.38392857142857145,0.5375
0.38392857142857145,0.5375
0.38392857142857145,0.5375
0.38392857142857145,0.5308641975308642
0.38392857142857145,0.5308641975308642
0.38392857142857145,0.5308641975308642
0.39285714285714285,0.5365853658536586
0.4017857142857143,0.5421686746987951
0.4017857142857143,0.5421686746987951
0.4017857142857143,0.5421686746987951
0.4017857142857143,0.5421686746987951
0.4017857142857143,0.5357142857142857
0.4107142857142857,0.5411764705882353
0.4107142857142857,0.5411764705882353
0.4107142857142857,0.5411764705882353
0.4107142857142857,0.5348837209302325
0.4107142857142857,0.5287356321839081
0.4107142857142857,0.5227272727272727
0.4107142857142857,0.5168539325842697
0.41964285714285715,0.5222222222222223
0.41964285714285715,0.5222222222222223
0.42857142857142855,0.5274725274725275
0.42857142857142855,0.5274725274725275
0.42857142857142855,0.5274725274725275
0.42857142857142855,0.5274725274725275
0.42857142857142855,0.5274725274725275
0.42857142857142855,0.5274725274725275
0.42857142857142855,0.5274725274725275
0.42857142857142855,0.5217391304347826
0.42857142857142855,0.5217391304347826
0.42857142857142855,0.5161290322580645
0.42857142857142855,0.5161290322580645
0.42857142857142855,0.5161290322580645
0.42857142857142855,0.5161290322580645
0.42857142857142855,0.5161290322580645
0.42857142857142855,0.5106382978723404
0.42857142857142855,0.5106382978723404
0.42857142857142855,0.5106382978723404
0.42857142857142855,0.5106382978723404
0.42857142857142855,0.5106382978723404
0.42857142857142855,0.5052631578947369
0.42857142857142855,0.5052631578947369
0.42857142857142855,0.5052631578947369
0.42857142857142855,0.5
0.42857142857142855,0.5
0.42857142857142855,0.5
0.42857142857142855,0.4948453608247423
0.42857142857142855,0.4897959183673469
0.42857142857142855,0.48484848484848486
0.42857142857142855,0.48484848484848486
0.4375,0.49
0.4375,0.49
0.44642857142857145,0.49504950495049505
0.44642857142857145,0.49504950495049505
0.44642857142857145,0.49504950495049505
0.44642857142857145,0.49504950495049505
0.44642857142857145,0.49504950495049505
0.44642857142857145,0.49504950495049505
0.44642857142857145,0.49504950495049505
0.44642857142857145,0.49019607843137253
0.44642857142857145,0.49019607843137253
0.44642857142857145,0.49019607843137253
0.45535714285714285,0.49514563106796117
0.45535714285714285,0.49038461538461536
0.45535714285714285,0.49038461538461536
0.45535714285714285,0.49038461538461536
0.45535714285714285,0.49038461538461536
0.45535714285714285,0.4857142857142857
0.45535714285714285,0.4811320754716981
0.45535714285714285,0.4811320754716981
0.4642857142857143,0.48598130841121495
0.4642857142857143,0.48598130841121495
0.4642857142857143,0.48148148148148145
0.4642857142857143,0.48148148148148145
0.4642857142857143,0.48148148148148145
0.4642857142857143,0.48148148148148145
0.4642857142857143,0.48148148148148145
0.4732142857142857,0.48623853211009177
0.4732142857142857,0.48623853211009177
0.4732142857142857,0.48623853211009177
0.48214285714285715,0.4909090909090909
0.48214285714285715,0.4909090909090909
0.48214285714285715,0.4909090909090909
0.48214285714285715,0.4909090909090909
0.48214285714285715,0.4864864864864865
0.48214285714285715,0.4864864864864865
0.49107142857142855,0.49107142857142855
0.49107142857142855,0.49107142857142855
0.49107142857142855,0.49107142857142855
0.49107142857142855,0.49107142857142855
0.5,0.49557522123893805
0.5,0.49122807017543857
0.5,0.49122807017543857
0.5,0.49122807017543857
0.5,0.48695652173913045
0.5,0.4827586206896552
0.5089285714285714,0.48717948717948717
0.5089285714285714,0.48717948717948717
0.5178571428571429,0.4915254237288136
0.5178571428571429,0.4915254237288136
0.5178571428571429,0.48739495798319327
0.5178571428571429,0.48739495798319327
0.5178571428571429,0.48333333333333334
0.5178571428571429,0.4793388429752066
0.5178571428571429,0.47540983606557374
0.5178571428571429,0.4715447154471545
0.5178571428571429,0.4715447154471545
0.5178571428571429,0.4715447154471545
0.5178571428571429,0.46774193548387094
0.5178571428571429,0.464
0.5178571428571429,0.464
0.5178571428571429,0.4603174603174603
0.5178571428571429,0.4603174603174603
0.5178571428571429,0.4603174603174603
0.5267857142857143,0.4645669291338583
0.5357142857142857,0.46875
0.5357142857142857,0.46875
0.5357142857142857,0.46875
0.5446428571428571,0.4728682170542636
0.5535714285714286,0.47692307692307695
0.5535714285714286,0.47692307692307695
0.5535714285714286,0.47692307692307695
0.5535714285714286,0.47692307692307695
0.5535714285714286,0.47692307692307695
0.5535714285714286,0.47692307692307695
0.5535714285714286,0.4732824427480916
0.5535714285714286,0.4732824427480916
0.5535714285714286,0.4696969696969697
0.5535714285714286,0.4696969696969697
0.5535714285714286,0.4696969696969697
0.5535714285714286,0.4696969696969697
0.5535714285714286,0.46616541353383456
0.5535714285714286,0.46616541353383456
0.5535714285714286,0.4626865671641791
0.5535714285714286,0.4626865671641791
0.5535714285714286,0.45925925925925926
0.5535714285714286,0.45925925925925926
0.5535714285714286,0.45925925925925926
0.5535714285714286,0.45925925925925926
0.5535714285714286,0.45925925925925926
0.5535714285714286,0.45925925925925926
0.5535714285714286,0.45925925925925926
0.5535714285714286,0.45588235294117646
0.5535714285714286,0.45588235294117646
0.5535714285714286,0.45588235294117646
0.5535714285714286,0.45588235294117646
0.5535714285714286,0.45588235294117646
0.5535714285714286,0.45255474452554745
0.5535714285714286,0.4492753623188406
0.5535714285714286,0.4460431654676259
0.5535714285714286,0.4460431654676259
0.5535714285714286,0.4460431654676259
0.5535714285714286,0.44285714285714284
0.5625,0.44680851063829785
0.5625,0.44366197183098594
0.5625,0.44366197183098594
0.5625,0.4405594405594406
0.5625,0.4375
0.5625,0.4375
0.5625,0.43448275862068964
0.5625,0.4315068493150685
0.5625,0.42857142857142855
0.5625,0.42857142857142855
0.5625,0.42857142857142855
0.5625,0.42857142857142855
0.5625,0.42567567567567566
0.5625,0.42567567567567566
0.5714285714285714,0.42953020134228187
0.5714285714285714,0.4266666666666667
0.5714285714285714,0.423841059602649
0.5714285714285714,0.423841059602649
0.5714285714285714,0.42105263157894735
0.5714285714285714,0.41830065359477125
0.5714285714285714,0.41830065359477125
0.5714285714285714,0.41830065359477125
0.5714285714285714,0.41830065359477125
0.5714285714285714,0.41830065359477125
0.5714285714285714,0.4155844155844156
0.5714285714285714,0.4155844155844156
0.5714285714285714,0.4155844155844156
0.5714285714285714,0.4155844155844156
0.5714285714285714,0.4129032258064516
0.5714285714285714,0.4129032258064516
0.5714285714285714,0.4129032258064516
0.5714285714285714,0.4129032258064516
0.5714285714285714,0.4129032258064516
0.5714285714285714,0.4129032258064516
0.5714285714285714,0.4129032258064516
0.5714285714285714,0.4129032258064516
0.5714285714285714,0.4129032258064516
0.5714285714285714,0.4129032258064516
0.5714285714285714,0.41025641025641024
0.5714285714285714,0.40764331210191085
0.5714285714285714,0.4050632911392405
0.5714285714285714,0.4050632911392405
0.5714285714285714,0.4025157232704403
0.5803571428571429,0.40625
0.5803571428571429,0.40372670807453415
0.5803571428571429,0.40372670807453415
0.5803571428571429,0.4012345679012346
0.5803571428571429,0.4012345679012346
0.5803571428571429,0.4012345679012346
0.5803571428571429,0.4012345679012346
0.5803571428571429,0.4012345679012346
0.5803571428571429,0.4012345679012346
0.5803571428571429,0.3987730061349693
0.5803571428571429,0.39634146341463417
0.5803571428571429,0.3939393939393939
0.5803571428571429,0.3939393939393939
0.5803571428571429,0.39156626506024095
0.5803571428571429,0.38922155688622756
0.5803571428571429,0.38922155688622756
0.5803571428571429,0.38922155688622756
0.5803571428571429,0.38922155688622756
0.5803571428571429,0.3869047619047619
0.5803571428571429,0.38461538461538464
0.5892857142857143,0.38823529411764707
0.5982142857142857,0.391812865497076
0.5982142857142857,0.391812865497076
0.5982142857142857,0.38953488372093026
0.5982142857142857,0.38953488372093026
0.5982142857142857,0.38953488372093026
0.5982142857142857,0.38953488372093026
0.5982142857142857,0.38953488372093026
0.5982142857142857,0.38953488372093026
0.5982142857142857,0.38953488372093026
0.5982142857142857,0.38953488372093026
0.5982142857142857,0.3872832369942196
0.5982142857142857,0.3872832369942196
0.5982142857142857,0.3872832369942196
0.5982142857142857,0.3850574712643678
0.5982142857142857,0.3850574712643678
0.5982142857142857,0.3850574712643678
0.5982142857142857,0.38285714285714284
0.5982142857142857,0.3806818181818182
0.5982142857142857,0.3785310734463277
0.5982142857142857,0.3785310734463277
0.5982142857142857,0.3785310734463277
0.5982142857142857,0.3785310734463277
0.5982142857142857,0.37640449438202245
0.5982142857142857,0.37640449438202245
0.5982142857142857,0.37640449438202245
0.5982142857142857,0.37640449438202245
0.5982142857142857,0.37640449438202245
0.5982142857142857,0.37640449438202245
0.5982142857142857,0.3743016759776536
0.5982142857142857,0.3743016759776536
0.5982142857142857,0.3743016759776536
0.5982142857142857,0.37222222222222223
0.5982142857142857,0.3701657458563536
0.5982142857142857,0.3701657458563536
0.5982142857142857,0.3701657458563536
0.5982142857142857,0.3701657458563536
0.5982142857142857,0.3701657458563536
0.5982142857142857,0.3701657458563536
0.5982142857142857,0.3701657458563536
0.5982142857142857,0.3701657458563536
0.5982142857142857,0.3701657458563536
0.5982142857142857,0.3701657458563536
0.5982142857142857,0.3701657458563536
0.5982142857142857,0.3701657458563536
0.5982142857142857,0.36813186813186816
0.5982142857142857,0.366120218579235
0.5982142857142857,0.3641304347826087
0.5982142857142857,0.3641304347826087
0.5982142857142857,0.3641304347826087
0.5982142857142857,0.3621621621621622
0.5982142857142857,0.3602150537634409
0.5982142857142857,0.3602150537634409
0.5982142857142857,0.3582887700534759
0.5982142857142857,0.35638297872340424
0.5982142857142857,0.35638297872340424
0.5982142857142857,0.3544973544973545
0.5982142857142857,0.3544973544973545
0.5982142857142857,0.3544973544973545
0.6071428571428571,0.35789473684210527
0.6071428571428571,0.35789473684210527
0.6071428571428571,0.35789473684210527
0.6071428571428571,0.35602094240837695
0.6071428571428571,0.3541666666666667
0.6071428571428571,0.35233160621761656
0.6071428571428571,0.35233160621761656
0.6071428571428571,0.35233160621761656
0.6071428571428571,0.35051546391752575
0.6160714285714286,0.35384615384615387
0.6160714285714286,0.35384615384615387
0.625,0.35714285714285715
0.6339285714285714,0.3604060913705584
0.6339285714285714,0.3604060913705584
0.6339285714285714,0.3604060913705584
0.6339285714285714,0.3604060913705584
0.6428571428571429,0.36363636363636365
0.6428571428571429,0.36180904522613067
0.6428571428571429,0.36180904522613067
0.6428571428571429,0.36180904522613067
0.6428571428571429,0.36180904522613067
0.6517857142857143,0.365
0.6517857142857143,0.365
0.6517857142857143,0.36318407960199006
0.6517857142857143,0.36318407960199006
0.6517857142857143,0.36318407960199006
0.6517857142857143,0.3613861386138614
0.6517857142857143,0.3613861386138614
0.6607142857142857,0.3645320197044335
0.6607142857142857,0.3645320197044335
0.6607142857142857,0.3645320197044335
0.6607142857142857,0.3645320197044335
0.6696428571428571,0.36764705882352944
0.6696428571428571,0.36764705882352944
0.6696428571428571,0.36764705882352944
0.6696428571428571,0.36764705882352944
0.6696428571428571,0.36764705882352944
0.6696428571428571,0.36764705882352944
0.6696428571428571,0.36764705882352944
0.6696428571428571,0.36585365853658536
0.6696428571428571,0.3640776699029126
0.6696428571428571,0.3640776699029126
0.6696428571428571,0.3640776699029126
0.6696428571428571,0.36231884057971014
0.6785714285714286,0.36538461538461536
0.6785714285714286,0.36363636363636365
0.6785714285714286,0.36363636363636365
0.6785714285714286,0.3619047619047619
0.6785714285714286,0.3619047619047619
0.6785714285714286,0.3619047619047619
0.6785714285714286,0.36018957345971564
0.6875,0.3632075471698113
0.6875,0.3615023474178404
0.6964285714285714,0.3644859813084112
0.6964285714285714,0.3644859813084112
0.6964285714285714,0.3644859813084112
0.6964285714285714,0.3644859813084112
0.6964285714285714,0.3644859813084112
0.6964285714285714,0.3644859813084112
0.6964285714285714,0.3644859813084112
0.6964285714285714,0.3627906976744186
0.6964285714285714,0.3627906976744186
0.6964285714285714,0.3627906976744186
0.6964285714285714,0.3611111111111111
0.6964285714285714,0.35944700460829493
0.7053571428571429,0.3623853211009174
0.7053571428571429,0.3607305936073059
0.7053571428571429,0.35909090909090907
0.7053571428571429,0.35909090909090907
0.7053571428571429,0.3574660633484163
0.7053571428571429,0.3574660633484163
0.7053571428571429,0.3574660633484163
0.7053571428571429,0.3574660633484163
0.7053571428571429,0.35585585585585583
0.7053571428571429,0.35585585585585583
0.7053571428571429,0.35585585585585583
0.7142857142857143,0.35874439461883406
0.7142857142857143,0.35714285714285715
0.7142857142857143,0.35555555555555557
0.7142857142857143,0.35555555555555557
0.7142857142857143,0.35398230088495575
0.7142857142857143,0.35398230088495575
0.7142857142857143,0.35398230088495575
0.7142857142857143,0.35398230088495575
0.7142857142857143,0.3524229074889868
0.7232142857142857,0.35526315789473684
0.7232142857142857,0.35526315789473684
0.7232142857142857,0.3537117903930131
0.7232142857142857,0.3537117903930131
0.7232142857142857,0.3521739130434783
0.7232142857142857,0.35064935064935066
0.7232142857142857,0.34913793103448276
0.7232142857142857,0.34913793103448276
0.7232142857142857,0.34913793103448276
0.7232142857142857,0.34913793103448276
0.7232142857142857,0.34763948497854075
0.7232142857142857,0.34763948497854075
0.7232142857142857,0.34763948497854075
0.7232142857142857,0.34763948497854075
0.7232142857142857,0.34763948497854075
0.7232142857142857,0.34763948497854075
0.7232142857142857,0.34763948497854075
0.7232142857142857,0.34615384615384615
0.7232142857142857,0.34615384615384615
0.7232142857142857,0.34615384615384615
0.7232142857142857,0.34615384615384615
0.7232142857142857,0.3446808510638298
0.7232142857142857,0.3446808510638298
0.7232142857142857,0.3432203389830508
0.7321428571428571,0.3459915611814346
0.7321428571428571,0.3445378151260504
0.7321428571428571,0.34309623430962344
0.7321428571428571,0.34309623430962344
0.7321428571428571,0.3416666666666667
0.7321428571428571,0.34024896265560167
0.7321428571428571,0.34024896265560167
0.7321428571428571,0.34024896265560167
0.7410714285714286,0.34297520661157027
0.7410714285714286,0.34297520661157027
0.7410714285714286,0.34297520661157027
0.7410714285714286,0.34297520661157027
0.7410714285714286,0.34297520661157027
0.7410714285714286,0.34156378600823045
0.7410714285714286,0.34156378600823045
0.7410714285714286,0.34156378600823045
0.7410714285714286,0.34156378600823045
0.7410714285714286,0.3401639344262295
0.75,0.34285714285714286
0.75,0.34146341463414637
0.75,0.34146341463414637
0.75,0.340080971659919
0.75,0.340080971659919
0.75,0.340080971659919
0.75,0.340080971659919
0.75,0.340080971659919
0.75,0.340080971659919
0.75,0.340080971659919
0.75,0.3387096774193548
0.75,0.3387096774193548
0.75,0.3387096774193548
0.75,0.3373493975903614
0.75,0.3373493975903614
0.75,0.3373493975903614
0.75,0.3373493975903614
0.75,0.3373493975903614
0.75,0.336
0.7589285714285714,0.3386454183266932
0.7589285714285714,0.3386454183266932
0.7589285714285714,0.3373015873015873
0.7589285714285714,0.3359683794466403
0.7589285714285714,0.3359683794466403
0.7589285714285714,0.3346456692913386
0.7589285714285714,0.3333333333333333
0.7589285714285714,0.3333333333333333
0.7589285714285714,0.33203125
0.7589285714285714,0.33073929961089493
0.7678571428571429,0.3333333333333333
0.7678571428571429,0.33204633204633205
0.7678571428571429,0.33204633204633205
0.7678571428571429,0.33076923076923076
0.7678571428571429,0.33076923076923076
0.7678571428571429,0.33076923076923076
0.7678571428571429,0.33076923076923076
0.7767857142857143,0.3333333333333333
0.7767857142857143,0.3320610687022901
0.7767857142857143,0.33079847908745247
0.7767857142857143,0.33079847908745247
0.7767857142857143,0.32954545454545453
0.7767857142857143,0.32954545454545453
0.7767857142857143,0.32954545454545453
0.7767857142857143,0.32954545454545453
0.7767857142857143,0.32954545454545453
0.7767857142857143,0.3283018867924528
0.7767857142857143,0.32706766917293234
0.7767857142857143,0.32706766917293234
0.7767857142857143,0.32706766917293234
0.7857142857142857,0.3295880149812734
0.7857142857142857,0.3295880149812734
0.7857142857142857,0.3283582089552239
0.7857142857142857,0.3271375464684015
0.7857142857142857,0.32592592592592595
0.7857142857142857,0.3247232472324723
0.7857142857142857,0.3247232472324723
0.7857142857142857,0.3235294117647059
0.7857142857142857,0.3235294117647059
0.7857142857142857,0.3235294117647059
0.7857142857142857,0.32234432234432236
0.7857142857142857,0.32234432234432236
0.7857142857142857,0.32234432234432236
0.7857142857142857,0.32234432234432236
0.7857142857142857,0.32116788321167883
0.7857142857142857,0.32
0.7857142857142857,0.32
0.7946428571428571,0.322463768115942
0.7946428571428571,0.322463768115942
0.8035714285714286,0.3249097472924188
0.8035714285714286,0.3249097472924188
0.8035714285714286,0.3249097472924188
0.8035714285714286,0.3237410071942446
0.8035714285714286,0.3237410071942446
0.8035714285714286,0.3225806451612903
0.8035714285714286,0.3225806451612903
0.8035714285714286,0.32142857142857145
0.8035714285714286,0.3202846975088968
0.8035714285714286,0.3202846975088968
0.8035714285714286,0.3191489361702128
0.8035714285714286,0.3191489361702128
0.8035714285714286,0.3191489361702128
0.8035714285714286,0.3191489361702128
0.8125,0.3215547703180212
0.8125,0.3215547703180212
0.8125,0.3215547703180212
0.8125,0.3215547703180212
0.8125,0.3204225352112676
0.8125,0.3192982456140351
0.8125,0.3192982456140351
0.8214285714285714,0.32167832167832167
0.8214285714285714,0.32167832167832167
0.8214285714285714,0.3205574912891986
0.8214285714285714,0.3205574912891986
0.8214285714285714,0.3205574912891986
0.8214285714285714,0.3205574912891986
0.8303571428571429,0.3229166666666667
0.8303571428571429,0.3229166666666667
0.8303571428571429,0.3217993079584775
0.8303571428571429,0.32068965517241377
0.8303571428571429,0.32068965517241377
0.8303571428571429,0.32068965517241377
0.8303571428571429,0.32068965517241377
0.8303571428571429,0.31958762886597936
0.8303571428571429,0.31958762886597936
0.8303571428571429,0.31958762886597936
0.8303571428571429,0.3184931506849315
0.8303571428571429,0.3184931506849315
0.8303571428571429,0.3184931506849315
0.8303571428571429,0.3184931506849315
0.8303571428571429,0.3184931506849315
0.8303571428571429,0.3174061433447099
0.8303571428571429,0.3163265306122449
0.8303571428571429,0.3163265306122449
0.8303571428571429,0.3163265306122449
0.8303571428571429,0.3152542372881356
0.8392857142857143,0.31756756756756754
0.8392857142857143,0.3164983164983165
0.8392857142857143,0.3164983164983165
0.8392857142857143,0.31543624161073824
0.8392857142857143,0.31438127090301005
0.8392857142857143,0.31438127090301005
0.8392857142857143,0.31333333333333335
0.8392857142857143,0.31333333333333335
0.8392857142857143,0.31333333333333335
0.8392857142857143,0.3122923588039867
0.8392857142857143,0.31125827814569534
0.8392857142857143,0.3102310231023102
0.8392857142857143,0.3092105263157895
0.8392857142857143,0.3092105263157895
0.8392857142857143,0.3092105263157895
0.8392857142857143,0.3092105263157895
0.8392857142857143,0.3081967213114754
0.8392857142857143,0.3081967213114754
0.8392857142857143,0.30718954248366015
0.8392857142857143,0.30718954248366015
0.8392857142857143,0.30718954248366015
0.8392857142857143,0.30718954248366015
0.8392857142857143,0.30718954248366015
0.8392857142857143,0.30618892508143325
0.8482142857142857,0.30844155844155846
0.8482142857142857,0.30844155844155846
0.8482142857142857,0.3074433656957929
0.8482142857142857,0.3074433656957929
0.8482142857142857,0.3064516129032258
0.8482142857142857,0.3054662379421222
0.8482142857142857,0.3054662379421222
0.8482142857142857,0.3054662379421222
0.8482142857142857,0.30448717948717946
0.8482142857142857,0.30448717948717946
0.8482142857142857,0.3035143769968051
0.8482142857142857,0.3035143769968051
0.8482142857142857,0.3035143769968051
0.8482142857142857,0.3035143769968051
0.8571428571428571,0.3057324840764331
0.8571428571428571,0.3057324840764331
0.8571428571428571,0.3047619047619048
0.8571428571428571,0.3047619047619048
0.8571428571428571,0.3037974683544304
0.8571428571428571,0.3028391167192429
0.8571428571428571,0.3028391167192429
0.8571428571428571,0.3028391167192429
0.8571428571428571,0.3028391167192429
0.8571428571428571,0.3028391167192429
0.8571428571428571,0.3028391167192429
0.8571428571428571,0.3028391167192429
0.8571428571428571,0.3018867924528302
0.8571428571428571,0.3018867924528302
0.8571428571428571,0.30094043887147337
0.8571428571428571,0.30094043887147337
0.8571428571428571,0.3
0.8571428571428571,0.3
0.8571428571428571,0.29906542056074764
0.8571428571428571,0.2981366459627329
0.8571428571428571,0.29721362229102166
0.8571428571428571,0.29721362229102166
0.8571428571428571,0.29721362229102166
0.8571428571428571,0.2962962962962963
0.8571428571428571,0.2962962962962963
0.8571428571428571,0.2953846153846154
0.8571428571428571,0.2953846153846154
0.8571428571428571,0.294478527607362
0.8571428571428571,0.294478527607362
0.8571428571428571,0.29357798165137616
0.8571428571428571,0.2926829268292683
0.8571428571428571,0.2917933130699088
0.8571428571428571,0.2917933130699088
0.8571428571428571,0.2909090909090909
0.8571428571428571,0.29003021148036257
0.8571428571428571,0.29003021148036257
0.8571428571428571,0.2891566265060241
0.8571428571428571,0.2882882882882883
0.8571428571428571,0.2874251497005988
0.8571428571428571,0.2874251497005988
0.8571428571428571,0.2874251497005988
0.8571428571428571,0.2874251497005988
0.8571428571428571,0.2865671641791045
0.8571428571428571,0.2865671641791045
0.8571428571428571,0.2865671641791045
0.8571428571428571,0.2857142857142857
0.8571428571428571,0.2857142857142857
0.8571428571428571,0.28486646884273
0.8571428571428571,0.28486646884273
0.8571428571428571,0.28402366863905326
0.8571428571428571,0.2831858407079646
0.8571428571428571,0.2823529411764706
0.8571428571428571,0.28152492668621704
0.8571428571428571,0.2807017543859649
0.8571428571428571,0.2807017543859649
0.8571428571428571,0.27988338192419826
0.8571428571428571,0.27906976744186046
0.8571428571428571,0.2782608695652174
0.8571428571428571,0.2782608695652174
0.8571428571428571,0.2782608695652174
0.8571428571428571,0.2782608695652174
0.8571428571428571,0.2782608695652174
0.8571428571428571,0.2782608695652174
0.8571428571428571,0.2774566473988439
0.8571428571428571,0.2774566473988439
0.8571428571428571,0.2774566473988439
0.8571428571428571,0.2774566473988439
0.8571428571428571,0.276657060518732
0.8571428571428571,0.27586206896551724
0.8571428571428571,0.27507163323782235
0.8571428571428571,0.2742857142857143
0.8571428571428571,0.27350427350427353
0.8571428571428571,0.2727272727272727
0.8571428571428571,0.2719546742209632
0.8571428571428571,0.2719546742209632
0.8571428571428571,0.2711864406779661
0.8571428571428571,0.2704225352112676
0.8571428571428571,0.2696629213483146
0.8571428571428571,0.2689075630252101
0.8571428571428571,0.2681564245810056
0.8571428571428571,0.2681564245810056
0.8571428571428571,0.26740947075208915
0.8571428571428571,0.26740947075208915
0.8571428571428571,0.26740947075208915
0.8571428571428571,0.26666666666666666
0.8571428571428571,0.26666666666666666
0.8571428571428571,0.2659279778393352
0.8571428571428571,0.2659279778393352
0.8571428571428571,0.2659279778393352
0.8571428571428571,0.2659279778393352
0.8571428571428571,0.26519337016574585
0.8571428571428571,0.2644628099173554
0.8571428571428571,0.26373626373626374
0.8571428571428571,0.26373626373626374
0.8571428571428571,0.26373626373626374
0.8571428571428571,0.26373626373626374
0.8571428571428571,0.26301369863013696
0.8571428571428571,0.26301369863013696
0.8571428571428571,0.26229508196721313
0.8571428571428571,0.26229508196721313
0.8571428571428571,0.2615803814713896
0.8571428571428571,0.2608695652173913
0.8571428571428571,0.2601626016260163
0.8571428571428571,0.2601626016260163
0.8571428571428571,0.2601626016260163
0.8571428571428571,0.2601626016260163
0.8571428571428571,0.2594594594594595
0.8571428571428571,0.2594594594594595
0.8571428571428571,0.2587601078167116
0.8571428571428571,0.25806451612903225
0.8571428571428571,0.257372654155496
0.8571428571428571,0.257372654155496
0.8571428571428571,0.25668449197860965
0.8571428571428571,0.256
0.8571428571428571,0.256
0.8571428571428571,0.2553191489361702
0.8571428571428571,0.2546419098143236
0.8571428571428571,0.2546419098143236
0.8571428571428571,0.2546419098143236
0.8660714285714286,0.2566137566137566
0.8660714285714286,0.2559366754617414
0.8660714285714286,0.25526315789473686
0.8660714285714286,0.25526315789473686
0.8660714285714286,0.25526315789473686
0.8660714285714286,0.2545931758530184
0.8660714285714286,0.25392670157068065
0.8660714285714286,0.25326370757180156
0.8660714285714286,0.25326370757180156
0.8660714285714286,0.25326370757180156
0.8660714285714286,0.25326370757180156
0.8660714285714286,0.2526041666666667
0.8660714285714286,0.2526041666666667
0.8660714285714286,0.2526041666666667
0.8660714285714286,0.2519480519480519
0.8660714285714286,0.2519480519480519
0.8660714285714286,0.25129533678756477
0.8660714285714286,0.25064599483204136
0.8660714285714286,0.25
0.8660714285714286,0.25
0.8660714285714286,0.25
0.8660714285714286,0.2493573264781491
0.8660714285714286,0.2493573264781491
0.8660714285714286,0.24871794871794872
0.875,0.2506393861892583
0.875,0.2506393861892583
0.875,0.25
0.875,0.25
0.875,0.24936386768447838
0.875,0.24936386768447838
0.875,0.24873096446700507
0.875,0.2481012658227848
0.875,0.2474747474747475
0.875,0.24685138539042822
0.875,0.24623115577889448
0.875,0.24561403508771928
0.875,0.24561403508771928
0.875,0.24561403508771928
0.875,0.245
0.875,0.245
0.875,0.245
0.875,0.245
0.875,0.245
0.875,0.24438902743142144
0.875,0.24378109452736318
0.875,0.24317617866004962
0.875,0.24317617866004962
0.875,0.24317617866004962
0.875,0.24257425742574257
0.875,0.24257425742574257
0.875,0.2419753086419753
0.875,0.2413793103448276
0.875,0.24078624078624078
0.875,0.24019607843137256
0.875,0.24019607843137256
0.875,0.24019607843137256
0.875,0.24019607843137256
0.875,0.2396088019559902
0.875,0.2396088019559902
0.875,0.23902439024390243
0.875,0.23902439024390243
0.875,0.2384428223844282
0.875,0.2384428223844282
0.875,0.23786407766990292
0.875,0.23786407766990292
0.875,0.23786407766990292
0.875,0.23786407766990292
0.875,0.23728813559322035
0.875,0.23671497584541062
0.875,0.236144578313253
0.875,0.23557692307692307
0.875,0.23557692307692307
0.875,0.23501199040767387
0.875,0.23444976076555024
0.875,0.23389021479713604
0.875,0.23333333333333334
0.875,0.23333333333333334
0.875,0.23333333333333334
0.875,0.23333333333333334
0.875,0.2327790973871734
0.875,0.23222748815165878
0.875,0.23222748815165878
0.875,0.23222748815165878
0.875,0.23222748815165878
0.875,0.23167848699763594
0.875,0.23113207547169812
0.875,0.23113207547169812
0.875,0.23113207547169812
0.875,0.23058823529411765
0.875,0.23058823529411765
0.875,0.23058823529411765
0.875,0.2300469483568075
0.875,0.22950819672131148
0.875,0.22897196261682243
0.875,0.22897196261682243
0.875,0.22843822843822845
0.875,0.22790697674418606
0.875,0.2273781902552204
0.875,0.2273781902552204
0.875,0.2273781902552204
0.875,0.2273781902552204
0.875,0.22685185185185186
0.875,0.22685185185185186
0.875,0.22685185185185186
0.8839285714285714,0.22863741339491916
0.8839285714285714,0.22863741339491916
0.8839285714285714,0.22863741339491916
0.8839285714285714,0.22811059907834103
0.8839285714285714,0.22811059907834103
0.8839285714285714,0.22758620689655173
0.8839285714285714,0.22758620689655173
0.8839285714285714,0.22758620689655173
0.8839285714285714,0.22758620689655173
0.8839285714285714,0.22706422018348624
0.8839285714285714,0.22706422018348624
0.8839285714285714,0.22654462242562928
0.8839285714285714,0.22602739726027396
0.8839285714285714,0.22602739726027396
0.8839285714285714,0.22602739726027396
0.8839285714285714,0.2255125284738041
0.8839285714285714,0.2255125284738041
0.8839285714285714,0.225
0.8839285714285714,0.22448979591836735
0.8839285714285714,0.2239819004524887
0.8839285714285714,0.2239819004524887
0.8839285714285714,0.2239819004524887
0.8839285714285714,0.2234762979683973
0.8839285714285714,0.22297297297297297
0.8839285714285714,0.22297297297297297
0.8839285714285714,0.22247191011235956
0.8839285714285714,0.22247191011235956
0.8839285714285714,0.2219730941704036
0.8839285714285714,0.2219730941704036
0.8839285714285714,0.2214765100671141
0.8839285714285714,0.2214765100671141
0.8928571428571429,0.22321428571428573
0.8928571428571429,0.22321428571428573
0.8928571428571429,0.22271714922049
0.8928571428571429,0.2222222222222222
0.8928571428571429,0.2222222222222222
0.8928571428571429,0.2222222222222222
0.8928571428571429,0.2222222222222222
0.8928571428571429,0.2222222222222222
0.8928571428571429,0.22172949002217296
0.8928571428571429,0.22123893805309736
0.8928571428571429,0.22123893805309736
0.8928571428571429,0.22075055187637968
0.8928571428571429,0.22026431718061673
0.8928571428571429,0.22026431718061673
0.8928571428571429,0.21978021978021978
0.8928571428571429,0.21978021978021978
0.8928571428571429,0.21978021978021978
0.8928571428571429,0.21929824561403508
0.8928571428571429,0.2188183807439825
0.8928571428571429,0.2183406113537118
0.8928571428571429,0.2178649237472767
0.8928571428571429,0.2178649237472767
0.8928571428571429,0.2178649237472767
0.8928571428571429,0.2178649237472767
0.8928571428571429,0.21739130434782608
0.8928571428571429,0.21739130434782608
0.8928571428571429,0.21739130434782608
0.8928571428571429,0.21739130434782608
0.8928571428571429,0.21691973969631237
0.8928571428571429,0.21691973969631237
0.8928571428571429,0.21645021645021645
0.8928571428571429,0.21645021645021645
0.8928571428571429,0.21645021645021645
0.8928571428571429,0.21645021645021645
0.8928571428571429,0.21645021645021645
0.8928571428571429,0.21645021645021645
0.8928571428571429,0.2159827213822894
0.8928571428571429,0.2159827213822894
0.8928571428571429,0.2159827213822894
0.8928571428571429,0.2159827213822894
0.8928571428571429,0.2159827213822894
0.8928571428571429,0.21551724137931033
0.8928571428571429,0.21505376344086022
0.8928571428571429,0.21505376344086022
0.8928571428571429,0.21505376344086022
0.8928571428571429,0.2145922746781116
0.8928571428571429,0.2145922746781116
0.8928571428571429,0.21413276231263384
0.8928571428571429,0.21413276231263384
0.8928571428571429,0.21413276231263384
0.8928571428571429,0.21413276231263384
0.8928571428571429,0.21413276231263384
0.8928571428571429,0.21367521367521367
0.8928571428571429,0.21367521367521367
0.8928571428571429,0.21367521367521367
0.8928571428571429,0.21367521367521367
0.8928571428571429,0.21321961620469082
0.8928571428571429,0.21321961620469082
0.8928571428571429,0.21321961620469082
0.8928571428571429,0.2127659574468085
0.8928571428571429,0.21231422505307856
0.8928571428571429,0.211864406779661
0.8928571428571429,0.21141649048625794
0.8928571428571429,0.2109704641350211
0.8928571428571429,0.2109704641350211
0.8928571428571429,0.21052631578947367
0.8928571428571429,0.21052631578947367
0.8928571428571429,0.21052631578947367
0.8928571428571429,0.21008403361344538
0.8928571428571429,0.21008403361344538
0.8928571428571429,0.21008403361344538
0.8928571428571429,0.21008403361344538
0.8928571428571429,0.20964360587002095
0.8928571428571429,0.20964360587002095
0.8928571428571429,0.20920502092050208
0.8928571428571429,0.20876826722338204
0.8928571428571429,0.20876826722338204
0.8928571428571429,0.20876826722338204
0.8928571428571429,0.20833333333333334
0.8928571428571429,0.2079002079002079
0.8928571428571429,0.2079002079002079
0.8928571428571429,0.2074688796680498
0.8928571428571429,0.2074688796680498
0.8928571428571429,0.2070393374741201
0.8928571428571429,0.2066115702479339
0.8928571428571429,0.2066115702479339
0.8928571428571429,0.2066115702479339
0.8928571428571429,0.2066115702479339
0.8928571428571429,0.2066115702479339
0.8928571428571429,0.2066115702479339
0.8928571428571429,0.20618556701030927
0.8928571428571429,0.205761316872428
0.8928571428571429,0.205761316872428
0.8928571428571429,0.205761316872428
0.8928571428571429,0.205761316872428
0.8928571428571429,0.2053388090349076
0.8928571428571429,0.20491803278688525
0.8928571428571429,0.20449897750511248
0.8928571428571429,0.20408163265306123
0.8928571428571429,0.20366598778004075
0.8928571428571429,0.20366598778004075
0.8928571428571429,0.2032520325203252
0.8928571428571429,0.2028397565922921
0.8928571428571429,0.20242914979757085
0.8928571428571429,0.20202020202020202
0.8928571428571429,0.20202020202020202
0.8928571428571429,0.20161290322580644
0.8928571428571429,0.20161290322580644
0.8928571428571429,0.20161290322580644
0.8928571428571429,0.20161290322580644
0.8928571428571429,0.20161290322580644
0.8928571428571429,0.20161290322580644
0.8928571428571429,0.20161290322580644
0.8928571428571429,0.20161290322580644
0.8928571428571429,0.2012072434607646
0.8928571428571429,0.2012072434607646
0.8928571428571429,0.20080321285140562
0.8928571428571429,0.20080321285140562
0.8928571428571429,0.20040080160320642
0.8928571428571429,0.2
0.8928571428571429,0.2
0.8928571428571429,0.2
0.9017857142857143,0.20159680638722555
0.9017857142857143,0.20119521912350596
0.9017857142857143,0.20119521912350596
0.9017857142857143,0.20119521912350596
0.9017857142857143,0.20079522862823063
0.9017857142857143,0.20079522862823063
0.9017857142857143,0.20079522862823063
0.9017857142857143,0.20079522862823063
0.9017857142857143,0.2003968253968254
0.9017857142857143,0.2003968253968254
0.9017857142857143,0.2003968253968254
0.9017857142857143,0.2003968253968254
0.9017857142857143,0.2
0.9017857142857143,0.2
0.9017857142857143,0.19960474308300397
0.9017857142857143,0.19960474308300397
0.9017857142857143,0.1992110453648915
0.9017857142857143,0.1992110453648915
0.9017857142857143,0.19881889763779528
0.9017857142857143,0.19881889763779528
0.9017857142857143,0.19881889763779528
0.9017857142857143,0.19881889763779528
0.9017857142857143,0.19881889763779528
0.9017857142857143,0.19881889763779528
0.9017857142857143,0.19842829076620824
0.9017857142857143,0.1980392156862745
0.9017857142857143,0.19765166340508805
0.9017857142857143,0.19765166340508805
0.9017857142857143,0.19765166340508805
0.9017857142857143,0.19765166340508805
0.9017857142857143,0.197265625
0.9017857142857143,0.197265625
0.9017857142857143,0.197265625
0.9017857142857143,0.1968810916179337
0.9017857142857143,0.19649805447470817
0.9017857142857143,0.19611650485436893
0.9017857142857143,0.19611650485436893
0.9017857142857143,0.19611650485436893
0.9017857142857143,0.19573643410852712
0.9017857142857143,0.195357833655706
0.9017857142857143,0.19498069498069498
0.9017857142857143,0.19498069498069498
0.9017857142857143,0.19460500963391136
0.9017857142857143,0.19423076923076923
0.9017857142857143,0.19385796545105566
0.9017857142857143,0.19385796545105566
0.9017857142857143,0.19385796545105566
0.9017857142857143,0.19348659003831417
0.9017857142857143,0.19348659003831417
0.9017857142857143,0.1931166347992352
0.9017857142857143,0.1931166347992352
0.9017857142857143,0.1931166347992352
0.9017857142857143,0.19274809160305342
0.9017857142857143,0.19274809160305342
0.9017857142857143,0.19238095238095237
0.9017857142857143,0.1920152091254753
0.9017857142857143,0.1920152091254753
0.9017857142857143,0.1920152091254753
0.9017857142857143,0.19165085388994307
0.9017857142857143,0.19165085388994307
0.9017857142857143,0.19165085388994307
0.9017857142857143,0.19165085388994307
0.9017857142857143,0.19128787878787878
0.9017857142857143,0.19128787878787878
0.9017857142857143,0.19128787878787878
0.9017857142857143,0.19128787878787878
0.9017857142857143,0.19128787878787878
0.9017857142857143,0.19092627599243855
0.9017857142857143,0.19056603773584907
0.9017857142857143,0.1902071563088512
0.9017857142857143,0.1902071563088512
0.9017857142857143,0.18984962406015038
0.9017857142857143,0.18984962406015038
0.9017857142857143,0.1894934333958724
0.9017857142857143,0.1894934333958724
0.9017857142857143,0.1891385767790262
0.9017857142857143,0.18878504672897195
0.9017857142857143,0.18878504672897195
0.9017857142857143,0.1884328358208955
0.9017857142857143,0.18808193668528864
0.9017857142857143,0.18773234200743494
0.9017857142857143,0.18738404452690166
0.9017857142857143,0.18703703703703703
0.9017857142857143,0.18703703703703703
0.9107142857142857,0.18853974121996303
0.9107142857142857,0.18853974121996303
0.9107142857142857,0.1881918819188192
0.9107142857142857,0.1881918819188192
0.9107142857142857,0.1878453038674033
0.9107142857142857,0.1878453038674033
0.9107142857142857,0.1875
0.9107142857142857,0.1875
0.9107142857142857,0.1875
0.9107142857142857,0.1875
0.9107142857142857,0.1871559633027523
0.9107142857142857,0.1871559633027523
0.9107142857142857,0.18681318681318682
0.9107142857142857,0.18647166361974407
0.9107142857142857,0.18647166361974407
0.9107142857142857,0.18647166361974407
0.9107142857142857,0.18647166361974407
0.9107142857142857,0.18647166361974407
0.9107142857142857,0.18613138686131386
0.9107142857142857,0.18579234972677597
0.9107142857142857,0.18579234972677597
0.9107142857142857,0.18545454545454546
0.9107142857142857,0.1851179673321234
0.9107142857142857,0.18478260869565216
0.9107142857142857,0.18478260869565216
0.9107142857142857,0.1844484629294756
0.9107142857142857,0.18411552346570398
0.9107142857142857,0.18411552346570398
0.9107142857142857,0.1837837837837838
0.9107142857142857,0.18345323741007194
0.9107142857142857,0.18312387791741472
0.9107142857142857,0.18312387791741472
0.9107142857142857,0.1827956989247312
0.9107142857142857,0.1827956989247312
0.9107142857142857,0.1827956989247312
0.9107142857142857,0.1827956989247312
0.9107142857142857,0.18246869409660108
0.9107142857142857,0.18214285714285713
0.9107142857142857,0.18214285714285713
0.9107142857142857,0.18214285714285713
0.9107142857142857,0.18214285714285713
0.9107142857142857,0.18214285714285713
0.9107142857142857,0.18214285714285713
0.9107142857142857,0.18214285714285713
0.9107142857142857,0.18181818181818182
0.9107142857142857,0.18181818181818182
0.9107142857142857,0.18149466192170818
0.9107142857142857,0.18149466192170818
0.9107142857142857,0.1811722912966252
0.9107142857142857,0.18085106382978725
0.9107142857142857,0.18053097345132743
0.9107142857142857,0.18021201413427562
0.9107142857142857,0.18021201413427562
0.9107142857142857,0.17989417989417988
0.9107142857142857,0.1795774647887324
0.9107142857142857,0.1795774647887324
0.9107142857142857,0.1795774647887324
0.9107142857142857,0.1795774647887324
0.9107142857142857,0.1795774647887324
0.9107142857142857,0.17926186291739896
0.9107142857142857,0.17926186291739896
0.9107142857142857,0.17926186291739896
0.9107142857142857,0.17926186291739896
0.9107142857142857,0.17926186291739896
0.9107142857142857,0.17926186291739896
0.9107142857142857,0.17894736842105263
0.9107142857142857,0.1786339754816112
0.9107142857142857,0.17832167832167833
0.9107142857142857,0.17801047120418848
0.9107142857142857,0.17801047120418848
0.9107142857142857,0.17801047120418848
0.9107142857142857,0.17770034843205576
0.9107142857142857,0.17739130434782607
0.9107142857142857,0.17739130434782607
0.9107142857142857,0.17708333333333334
0.9107142857142857,0.17677642980935876
0.9107142857142857,0.17677642980935876
0.9107142857142857,0.17647058823529413
0.9107142857142857,0.17647058823529413
0.9107142857142857,0.17616580310880828
0.9107142857142857,0.17586206896551723
0.9107142857142857,0.17586206896551723
0.9107142857142857,0.17555938037865748
0.9107142857142857,0.17525773195876287
0.9107142857142857,0.17495711835334476
0.9107142857142857,0.17495711835334476
0.9107142857142857,0.17495711835334476
0.9107142857142857,0.17465753424657535
0.9107142857142857,0.17465753424657535
0.9107142857142857,0.17435897435897435
0.9107142857142857,0.17435897435897435
0.9107142857142857,0.17406143344709898
0.9107142857142857,0.17406143344709898
0.9107142857142857,0.1737649063032368
0.9107142857142857,0.1737649063032368
0.9107142857142857,0.1737649063032368
0.9107142857142857,0.1737649063032368
0.9107142857142857,0.1737649063032368
0.9107142857142857,0.17346938775510204
0.9107142857142857,0.1731748726655348
0.9107142857142857,0.1731748726655348
0.9107142857142857,0.1731748726655348
0.9107142857142857,0.1731748726655348
0.9107142857142857,0.1731748726655348
0.9107142857142857,0.1731748726655348
0.9107142857142857,0.1731748726655348
0.9107142857142857,0.17288135593220338
0.9107142857142857,0.17258883248730963
0.9107142857142857,0.17229729729729729
0.9107142857142857,0.17200674536256325
0.9107142857142857,0.17200674536256325
0.9107142857142857,0.17200674536256325
0.9107142857142857,0.17200674536256325
0.9107142857142857,0.1717171717171717
0.9107142857142857,0.1717171717171717
0.9107142857142857,0.1717171717171717
0.9107142857142857,0.1717171717171717
0.9107142857142857,0.1717171717171717
0.9107142857142857,0.17142857142857143
0.9107142857142857,0.17142857142857143
0.9107142857142857,0.17142857142857143
0.9107142857142857,0.17142857142857143
0.9107142857142857,0.17114093959731544
0.9107142857142857,0.17114093959731544
0.9107142857142857,0.17114093959731544
0.9107142857142857,0.17114093959731544
0.9107142857142857,0.1708542713567839
0.9107142857142857,0.1708542713567839
0.9107142857142857,0.1705685618729097
0.9107142857142857,0.1705685618729097
0.9107142857142857,0.1705685618729097
0.9107142857142857,0.17028380634390652
0.9107142857142857,0.17
0.9107142857142857,0.17
0.9107142857142857,0.16971713810316139
0.9107142857142857,0.16943521594684385
0.9107142857142857,0.16943521594684385
0.9107142857142857,0.16943521594684385
0.9107142857142857,0.16943521594684385
0.9107142857142857,0.16943521594684385
0.9107142857142857,0.16943521594684385
0.9107142857142857,0.1691542288557214
0.9107142857142857,0.1691542288557214
0.9107142857142857,0.16887417218543047
0.9107142857142857,0.16887417218543047
0.9107142857142857,0.16859504132231404
0.9107142857142857,0.16859504132231404
0.9107142857142857,0.16859504132231404
0.9107142857142857,0.16859504132231404
0.9107142857142857,0.16831683168316833
0.9107142857142857,0.16831683168316833
0.9107142857142857,0.16803953871499178
0.9107142857142857,0.16803953871499178
0.9107142857142857,0.16776315789473684
0.9107142857142857,0.16748768472906403
0.9107142857142857,0.16721311475409836
0.9107142857142857,0.16693944353518822
0.9107142857142857,0.16666666666666666
0.9107142857142857,0.16639477977161501
0.9107142857142857,0.16612377850162866
0.9107142857142857,0.16585365853658537
0.9107142857142857,0.16585365853658537
0.9107142857142857,0.16585365853658537
0.9107142857142857,0.16558441558441558
0.9107142857142857,0.16531604538087522
0.9107142857142857,0.16531604538087522
0.9107142857142857,0.16531604538087522
0.9107142857142857,0.1650485436893204
0.9107142857142857,0.1650485436893204
0.9107142857142857,0.1650485436893204
0.9107142857142857,0.16478190630048464
0.9107142857142857,0.16478190630048464
0.9107142857142857,0.16478190630048464
0.9107142857142857,0.16478190630048464
0.9107142857142857,0.16478190630048464
0.9107142857142857,0.16451612903225807
0.9107142857142857,0.16451612903225807
0.9107142857142857,0.1642512077294686
0.9107142857142857,0.1639871382636656
0.9107142857142857,0.1639871382636656
0.9107142857142857,0.1639871382636656
0.9107142857142857,0.1639871382636656
0.9107142857142857,0.1637239165329053
0.9107142857142857,0.1637239165329053
0.9107142857142857,0.1637239165329053
0.9107142857142857,0.1637239165329053
0.9107142857142857,0.16346153846153846
0.9107142857142857,0.16346153846153846
0.9107142857142857,0.1632
0.9107142857142857,0.16293929712460065
0.9107142857142857,0.16267942583732056
0.9107142857142857,0.1624203821656051
0.9107142857142857,0.1624203821656051
0.9107142857142857,0.16216216216216217
0.9107142857142857,0.1619047619047619
0.9107142857142857,0.1619047619047619
0.9107142857142857,0.16164817749603805
0.9107142857142857,0.16164817749603805
0.9107142857142857,0.16164817749603805
0.9107142857142857,0.16164817749603805
0.9107142857142857,0.16164817749603805
0.9107142857142857,0.16164817749603805
0.9107142857142857,0.16139240506329114
0.9107142857142857,0.16113744075829384
0.9107142857142857,0.1608832807570978
0.9107142857142857,0.1608832807570978
0.9107142857142857,0.16062992125984252
0.9107142857142857,0.16062992125984252
0.9107142857142857,0.16062992125984252
0.9107142857142857,0.16062992125984252
0.9107142857142857,0.16037735849056603
0.9107142857142857,0.16012558869701726
0.9107142857142857,0.16012558869701726
0.9107142857142857,0.15987460815047022
0.9107142857142857,0.15987460815047022
0.9107142857142857,0.1596244131455399
0.9107142857142857,0.1596244131455399
0.9107142857142857,0.159375
0.9107142857142857,0.15912636505460218
0.9107142857142857,0.15912636505460218
0.9107142857142857,0.1588785046728972
0.9107142857142857,0.15863141524105753
0.9107142857142857,0.15838509316770186
0.9107142857142857,0.15838509316770186
0.9107142857142857,0.15838509316770186
0.9107142857142857,0.15813953488372093
0.9107142857142857,0.15813953488372093
0.9107142857142857,0.15789473684210525
0.9107142857142857,0.15789473684210525
0.9107142857142857,0.15765069551777433
0.9107142857142857,0.15765069551777433
0.9107142857142857,0.15765069551777433
0.9107142857142857,0.1574074074074074
0.9107142857142857,0.15716486902927582
0.9107142857142857,0.15692307692307692
0.9107142857142857,0.15668202764976957
0.9107142857142857,0.15668202764976957
0.9107142857142857,0.15668202764976957
0.9107142857142857,0.15644171779141106
0.9107142857142857,0.1562021439509954
0.9107142857142857,0.1562021439509954
0.9107142857142857,0.1562021439509954
0.9107142857142857,0.1562021439509954
0.9107142857142857,0.1562021439509954
0.9107142857142857,0.1562021439509954
0.9107142857142857,0.1562021439509954
0.9107142857142857,0.1562021439509954
0.9107142857142857,0.1562021439509954
0.9107142857142857,0.1562021439509954
0.9107142857142857,0.1562021439509954
0.9107142857142857,0.1559633027522936
0.9107142857142857,0.15572519083969466
0.9107142857142857,0.15548780487804878
0.9107142857142857,0.1552511415525114
0.9107142857142857,0.15501519756838905
0.9107142857142857,0.15477996965098634
0.9107142857142857,0.15454545454545454
0.9107142857142857,0.15431164901664146
0.9107142857142857,0.15431164901664146
0.9107142857142857,0.1540785498489426
0.9107142857142857,0.15384615384615385
0.9107142857142857,0.15384615384615385
0.9107142857142857,0.1536144578313253
0.9107142857142857,0.15338345864661654
0.9107142857142857,0.15315315315315314
0.9107142857142857,0.15315315315315314
0.9107142857142857,0.15315315315315314
0.9107142857142857,0.15315315315315314
0.9107142857142857,0.15315315315315314
0.9107142857142857,0.15315315315315314
0.9107142857142857,0.15315315315315314
0.9107142857142857,0.15315315315315314
0.9107142857142857,0.15315315315315314
0.9107142857142857,0.15292353823088456
0.9107142857142857,0.15269461077844312
0.9107142857142857,0.15269461077844312
0.9107142857142857,0.15246636771300448
0.9107142857142857,0.15223880597014924
0.9107142857142857,0.15223880597014924
0.9107142857142857,0.15201192250372578
0.9107142857142857,0.15178571428571427
0.9107142857142857,0.1515601783060921
0.9107142857142857,0.1515601783060921
0.9107142857142857,0.1515601783060921
0.9107142857142857,0.1513353115727003
0.9107142857142857,0.1511111111111111
0.9107142857142857,0.15088757396449703
0.9107142857142857,0.15066469719350073
0.9107142857142857,0.1504424778761062
0.9107142857142857,0.1504424778761062
0.9107142857142857,0.1504424778761062
0.9107142857142857,0.15022091310751104
0.9107142857142857,0.15
0.9107142857142857,0.15
0.9107142857142857,0.14977973568281938
0.9107142857142857,0.14977973568281938
0.9107142857142857,0.14977973568281938
0.9107142857142857,0.14977973568281938
0.9107142857142857,0.14977973568281938
0.9107142857142857,0.1495601173020528
0.9107142857142857,0.1493411420204978
0.9107142857142857,0.14912280701754385
0.9107142857142857,0.14912280701754385
0.9107142857142857,0.14912280701754385
0.9107142857142857,0.14912280701754385
0.9107142857142857,0.14890510948905109
0.9107142857142857,0.14868804664723032
0.9107142857142857,0.14847161572052403
0.9107142857142857,0.14847161572052403
0.9107142857142857,0.14825581395348839
0.9107142857142857,0.14825581395348839
0.9107142857142857,0.14804063860667635
0.9107142857142857,0.14804063860667635
0.9107142857142857,0.14804063860667635
0.9107142857142857,0.14782608695652175
0.9107142857142857,0.1476121562952243
0.9107142857142857,0.14739884393063585
0.9107142857142857,0.1471861471861472
0.9107142857142857,0.1471861471861472
0.9107142857142857,0.1471861471861472
0.9107142857142857,0.14697406340057637
0.9107142857142857,0.14697406340057637
0.9107142857142857,0.14676258992805755
0.9107142857142857,0.14676258992805755
0.9107142857142857,0.14655172413793102
0.9107142857142857,0.14634146341463414
0.9107142857142857,0.14634146341463414
0.9107142857142857,0.14634146341463414
0.9107142857142857,0.14634146341463414
0.9107142857142857,0.14634146341463414
0.9107142857142857,0.14613180515759314
0.9107142857142857,0.14613180515759314
0.9107142857142857,0.1459227467811159
0.9107142857142857,0.1459227467811159
0.9107142857142857,0.1459227467811159
0.9107142857142857,0.1459227467811159
0.9107142857142857,0.1459227467811159
0.9107142857142857,0.1459227467811159
0.9107142857142857,0.1459227467811159
0.9107142857142857,0.1459227467811159
0.9107142857142857,0.1457142857142857
0.9107142857142857,0.14550641940085593
0.9107142857142857,0.1452991452991453
0.9107142857142857,0.1452991452991453
0.9107142857142857,0.14509246088193456
0.9107142857142857,0.14509246088193456
0.9107142857142857,0.14509246088193456
0.9107142857142857,0.14509246088193456
0.9107142857142857,0.14488636363636365
0.9107142857142857,0.14488636363636365
0.9107142857142857,0.14468085106382977
0.9107142857142857,0.14468085106382977
0.9107142857142857,0.14447592067988668
0.9107142857142857,0.14427157001414428
0.9107142857142857,0.1440677966101695
0.9107142857142857,0.1440677966101695
0.9107142857142857,0.14386459802538787
0.9107142857142857,0.14366197183098592
0.9107142857142857,0.14366197183098592
0.9107142857142857,0.14345991561181434
0.9107142857142857,0.14325842696629212
0.9107142857142857,0.14305750350631136
0.9107142857142857,0.14305750350631136
0.9107142857142857,0.14285714285714285
0.9107142857142857,0.14285714285714285
0.9107142857142857,0.14265734265734265
0.9107142857142857,0.1424581005586592
0.9107142857142857,0.14225941422594143
0.9107142857142857,0.14225941422594143
0.9107142857142857,0.14225941422594143
0.9107142857142857,0.14206128133704735
0.9107142857142857,0.14206128133704735
0.9107142857142857,0.14186369958275383
0.9107142857142857,0.14186369958275383
0.9107142857142857,0.14166666666666666
0.9107142857142857,0.14166666666666666
0.9107142857142857,0.14147018030513175
0.9107142857142857,0.14147018030513175
0.9107142857142857,0.14147018030513175
0.9107142857142857,0.14127423822714683
0.9107142857142857,0.14107883817427386
0.9107142857142857,0.14107883817427386
0.9107142857142857,0.1408839779005525
0.9107142857142857,0.1406896551724138
0.9107142857142857,0.1406896551724138
0.9107142857142857,0.14049586776859505
0.9107142857142857,0.14030261348005502
0.9107142857142857,0.1401098901098901
0.9107142857142857,0.13991769547325103
0.9107142857142857,0.13991769547325103
0.9107142857142857,0.13972602739726028
0.9107142857142857,0.13953488372093023
0.9107142857142857,0.13934426229508196
0.9107142857142857,0.13934426229508196
0.9107142857142857,0.13934426229508196
0.9107142857142857,0.13915416098226466
0.9107142857142857,0.13915416098226466
0.9107142857142857,0.13896457765667575
0.9107142857142857,0.13877551020408163
0.9107142857142857,0.13877551020408163
0.9107142857142857,0.13858695652173914
0.9107142857142857,0.1383989145183175
0.9107142857142857,0.13821138211382114
0.9107142857142857,0.13821138211382114
0.9107142857142857,0.13802435723951287
0.9107142857142857,0.13802435723951287
0.9107142857142857,0.13783783783783785
0.9107142857142857,0.13765182186234817
0.9107142857142857,0.13765182186234817
0.9107142857142857,0.13746630727762804
0.9107142857142857,0.13728129205921938
0.9107142857142857,0.13709677419354838
0.9107142857142857,0.13691275167785236
0.9107142857142857,0.13672922252010725
0.9107142857142857,0.13654618473895583
0.9107142857142857,0.13636363636363635
0.9107142857142857,0.13618157543391188
0.9107142857142857,0.13618157543391188
0.9107142857142857,0.136
0.9107142857142857,0.13581890812250333
0.9107142857142857,0.13581890812250333
0.9107142857142857,0.1356382978723404
0.9107142857142857,0.1356382978723404
0.9107142857142857,0.13545816733067728
0.9107142857142857,0.13527851458885942
0.9107142857142857,0.13509933774834437
0.9107142857142857,0.1349206349206349
0.9107142857142857,0.13474240422721268
0.9107142857142857,0.13474240422721268
0.9107142857142857,0.13474240422721268
0.9107142857142857,0.13474240422721268
0.9107142857142857,0.13474240422721268
0.9107142857142857,0.13474240422721268
0.9107142857142857,0.13474240422721268
0.9107142857142857,0.13474240422721268
0.9107142857142857,0.1345646437994723
0.9107142857142857,0.1345646437994723
0.9107142857142857,0.1345646437994723
0.9107142857142857,0.13438735177865613
0.9107142857142857,0.13421052631578947
0.9107142857142857,0.1340341655716163
0.9107142857142857,0.13385826771653545
0.9107142857142857,0.13385826771653545
0.9107142857142857,0.13368283093053734
0.9107142857142857,0.13350785340314136
0.9107142857142857,0.13350785340314136
0.9107142857142857,0.13333333333333333
0.9107142857142857,0.13315926892950392
0.9107142857142857,0.13298565840938723
0.9107142857142857,0.1328125
0.9107142857142857,0.1328125
0.9107142857142857,0.13263979193758127
0.9107142857142857,0.13263979193758127
0.9107142857142857,0.13263979193758127
0.9107142857142857,0.13246753246753246
0.9107142857142857,0.13229571984435798
0.9107142857142857,0.13229571984435798
0.9107142857142857,0.13212435233160622
0.9107142857142857,0.13212435233160622
0.9107142857142857,0.13212435233160622
0.9107142857142857,0.13195342820181113
0.9107142857142857,0.13178294573643412
0.9107142857142857,0.13161290322580646
0.9107142857142857,0.13161290322580646
0.9107142857142857,0.13144329896907217
0.9107142857142857,0.13127413127413126
0.9107142857142857,0.13127413127413126
0.9107142857142857,0.13110539845758354
0.9107142857142857,0.13093709884467267
0.9107142857142857,0.13093709884467267
0.9107142857142857,0.13093709884467267
0.9107142857142857,0.13093709884467267
0.9107142857142857,0.13093709884467267
0.9107142857142857,0.13093709884467267
0.9107142857142857,0.13076923076923078
0.9107142857142857,0.13076923076923078
0.9107142857142857,0.13076923076923078
0.9107142857142857,0.13060179257362356
0.9107142857142857,0.13060179257362356
0.9107142857142857,0.13043478260869565
0.9107142857142857,0.13043478260869565
0.9107142857142857,0.13043478260869565
0.9107142857142857,0.13043478260869565
0.9107142857142857,0.13026819923371646
0.9107142857142857,0.13010204081632654
0.9107142857142857,0.13010204081632654
0.9107142857142857,0.13010204081632654
0.9107142857142857,0.12993630573248408
0.9107142857142857,0.1297709923664122
0.9107142857142857,0.1297709923664122
0.9107142857142857,0.12960609911054638
0.9107142857142857,0.12944162436548223
0.9107142857142857,0.12927756653992395
0.9107142857142857,0.12927756653992395
0.9107142857142857,0.12927756653992395
0.9107142857142857,0.1291139240506329
0.9107142857142857,0.12895069532237674
0.9107142857142857,0.12895069532237674
0.9107142857142857,0.12895069532237674
0.9107142857142857,0.12895069532237674
0.9107142857142857,0.12895069532237674
0.9107142857142857,0.12878787878787878
0.9107142857142857,0.12878787878787878
0.9107142857142857,0.12878787878787878
0.9107142857142857,0.12878787878787878
0.9107142857142857,0.12862547288776796
0.9107142857142857,0.12862547288776796
0.9107142857142857,0.12846347607052896
0.9107142857142857,0.12830188679245283
0.9107142857142857,0.12830188679245283
0.9107142857142857,0.12830188679245283
0.9107142857142857,0.12814070351758794
0.9107142857142857,0.12814070351758794
0.9107142857142857,0.12814070351758794
0.9107142857142857,0.12797992471769135
0.9107142857142857,0.12797992471769135
0.9107142857142857,0.12781954887218044
0.9107142857142857,0.12781954887218044
0.9107142857142857,0.12781954887218044
0.9107142857142857,0.1276595744680851
0.9107142857142857,0.1275
0.9107142857142857,0.1275
0.9107142857142857,0.12734082397003746
0.9107142857142857,0.12734082397003746
0.9107142857142857,0.12718204488778054
0.9107142857142857,0.12718204488778054
0.9107142857142857,0.12702366127023662
0.9107142857142857,0.12702366127023662
