0.0,1.0
0.0,1.0
0.0,1.0
0.0,1.0
0.011111111111111112,1.0
0.011111111111111112,1.0
0.011111111111111112,1.0
0.011111111111111112,1.0
0.022222222222222223,1.0
0.022222222222222223,1.0
0.03333333333333333,1.0
0.03333333333333333,1.0
0.03333333333333333,1.0
0.03333333333333333,1.0
0.03333333333333333,0.75
0.03333333333333333,0.75
0.03333333333333333,0.75
0.044444444444444446,0.8
0.044444444444444446,0.8
0.044444444444444446,0.8
0.05555555555555555,0.8333333333333334
0.06666666666666667,0.8571428571428571
0.06666666666666667,0.8571428571428571
0.07777777777777778,0.875
0.07777777777777778,0.875
0.07777777777777778,0.875
0.08888888888888889,0.8888888888888888
0.08888888888888889,0.8888888888888888
0.08888888888888889,0.8888888888888888
0.1,0.9
0.1,0.9
0.1,0.8181818181818182
0.1,0.8181818181818182
0.1,0.8181818181818182
0.1,0.8181818181818182
0.1111111111111111,0.8333333333333334
0.1111111111111111,0.8333333333333334
0.1111111111111111,0.8333333333333334
0.1111111111111111,0.8333333333333334
0.1111111111111111,0.8333333333333334
0.1111111111111111,0.8333333333333334
0.1111111111111111,0.7692307692307693
0.1111111111111111,0.7142857142857143
0.1111111111111111,0.7142857142857143
0.1111111111111111,0.7142857142857143
0.1111111111111111,0.7142857142857143
0.12222222222222222,0.7333333333333333
0.12222222222222222,0.7333333333333333
0.13333333333333333,0.75
0.13333333333333333,0.75
0.14444444444444443,0.7647058823529411
0.14444444444444443,0.7222222222222222
0.15555555555555556,0.7368421052631579
0.15555555555555556,0.7368421052631579
0.15555555555555556,0.7368421052631579
0.15555555555555556,0.7368421052631579
0.15555555555555556,0.7368421052631579
0.15555555555555556,0.7368421052631579
0.15555555555555556,0.7368421052631579
0.15555555555555556,0.7
0.15555555555555556,0.6666666666666666
0.16666666666666666,0.6818181818181818
0.16666666666666666,0.6818181818181818
0.16666666666666666,0.6818181818181818
0.17777777777777778,0.6956521739130435
0.18888888888888888,0.7083333333333334
0.18888888888888888,0.7083333333333334
0.2,0.72
0.2,0.6923076923076923
0.2,0.6923076923076923
0.2111111111111111,0.7037037037037037
0.2222222222222222,0.7142857142857143
0.2222222222222222,0.7142857142857143
0.2222222222222222,0.6896551724137931
0.2222222222222222,0.6896551724137931
0.2222222222222222,0.6896551724137931
0.2222222222222222,0.6896551724137931
0.2222222222222222,0.6896551724137931
0.2222222222222222,0.6896551724137931
0.2222222222222222,0.6896551724137931
0.23333333333333334,0.7
0.23333333333333334,0.7
0.23333333333333334,0.7
0.23333333333333334,0.6774193548387096
0.23333333333333334,0.6774193548387096
0.24444444444444444,0.6875
0.24444444444444444,0.6875
0.24444444444444444,0.6875
0.24444444444444444,0.6875
0.24444444444444444,0.6875
0.24444444444444444,0.6875
0.24444444444444444,0.6875
0.24444444444444444,0.6875
0.24444444444444444,0.6875
0.24444444444444444,0.6875
0.24444444444444444,0.6875
0.24444444444444444,0.6666666666666666
0.24444444444444444,0.6666666666666666
0.24444444444444444,0.6666666666666666
0.24444444444444444,0.6470588235294118
0.25555555555555554,0.6571428571428571
0.25555555555555554,0.6571428571428571
0.25555555555555554,0.6571428571428571
0.25555555555555554,0.6571428571428571
0.25555555555555554,0.6388888888888888
0.25555555555555554,0.6388888888888888
0.25555555555555554,0.6388888888888888
0.25555555555555554,0.6388888888888888
0.25555555555555554,0.6388888888888888
0.25555555555555554,0.6388888888888888
0.25555555555555554,0.6388888888888888
0.25555555555555554,0.6388888888888888
0.26666666666666666,0.6486486486486487
0.2777777777777778,0.6578947368421053
0.2777777777777778,0.6578947368421053
0.2777777777777778,0.6578947368421053
0.2777777777777778,0.6410256410256411
0.2777777777777778,0.625
0.2777777777777778,0.625
0.28888888888888886,0.6341463414634146
0.28888888888888886,0.6341463414634146
0.28888888888888886,0.6341463414634146
0.28888888888888886,0.6190476190476191
0.28888888888888886,0.6190476190476191
0.3,0.627906976744186
0.3111111111111111,0.6363636363636364
0.3111111111111111,0.6363636363636364
0.32222222222222224,0.6444444444444445
0.32222222222222224,0.6444444444444445
0.32222222222222224,0.6444444444444445
0.32222222222222224,0.6444444444444445
0.32222222222222224,0.6304347826086957
0.32222222222222224,0.6304347826086957
0.32222222222222224,0.6304347826086957
0.32222222222222224,0.6170212765957447
0.32222222222222224,0.6041666666666666
0.32222222222222224,0.6041666666666666
0.32222222222222224,0.6041666666666666
0.32222222222222224,0.5918367346938775
0.32222222222222224,0.58
0.3333333333333333,0.5882352941176471
0.3333333333333333,0.5882352941176471
0.34444444444444444,0.5961538461538461
0.34444444444444444,0.5961538461538461
0.34444444444444444,0.5961538461538461
0.34444444444444444,0.5961538461538461
0.34444444444444444,0.5961538461538461
0.35555555555555557,0.6037735849056604
0.35555555555555557,0.6037735849056604
0.35555555555555557,0.6037735849056604
0.36666666666666664,0.6111111111111112
0.37777777777777777,0.6181818181818182
0.37777777777777777,0.6181818181818182
0.37777777777777777,0.6181818181818182
0.37777777777777777,0.6181818181818182
0.37777777777777777,0.6181818181818182
0.37777777777777777,0.6181818181818182
0.37777777777777777,0.6181818181818182
0.37777777777777777,0.6181818181818182
0.37777777777777777,0.6071428571428571
0.37777777777777777,0.6071428571428571
0.37777777777777777,0.6071428571428571
0.37777777777777777,0.6071428571428571
0.37777777777777777,0.6071428571428571
0.37777777777777777,0.6071428571428571
0.37777777777777777,0.5964912280701754
0.37777777777777777,0.5862068965517241
0.37777777777777777,0.576271186440678
0.37777777777777777,0.576271186440678
0.3888888888888889,0.5833333333333334
0.3888888888888889,0.5833333333333334
0.3888888888888889,0.5833333333333334
0.3888888888888889,0.5737704918032787
0.3888888888888889,0.5645161290322581
0.3888888888888889,0.5645161290322581
0.3888888888888889,0.5645161290322581
0.3888888888888889,0.5645161290322581
0.3888888888888889,0.5555555555555556
0.3888888888888889,0.5555555555555556
0.3888888888888889,0.5555555555555556
0.3888888888888889,0.5555555555555556
0.3888888888888889,0.5555555555555556
0.4,0.5625
0.4,0.5625
0.4,0.5625
0.4,0.5625
0.4,0.5625
0.4,0.5625
0.4111111111111111,0.5692307692307692
0.4222222222222222,0.5757575757575758
0.4222222222222222,0.5757575757575758
0.4222222222222222,0.5757575757575758
0.4222222222222222,0.5757575757575758
0.4222222222222222,0.5671641791044776
0.4222222222222222,0.5588235294117647
0.4222222222222222,0.5588235294117647
0.4222222222222222,0.5588235294117647
0.4222222222222222,0.5588235294117647
0.4222222222222222,0.5588235294117647
0.4222222222222222,0.5588235294117647
0.4222222222222222,0.5588235294117647
0.4222222222222222,0.5588235294117647
0.4222222222222222,0.5507246376811594
0.4222222222222222,0.5507246376811594
0.4222222222222222,0.5507246376811594
0.43333333333333335,0.5571428571428572
0.4444444444444444,0.5633802816901409
0.4444444444444444,0.5633802816901409
0.4444444444444444,0.5633802816901409
0.4444444444444444,0.5633802816901409
0.4444444444444444,0.5633802816901409
0.4444444444444444,0.5633802816901409
0.4444444444444444,0.5633802816901409
0.45555555555555555,0.5694444444444444
0.45555555555555555,0.5694444444444444
0.45555555555555555,0.5694444444444444
0.45555555555555555,0.5694444444444444
0.45555555555555555,0.5694444444444444
0.45555555555555555,0.5694444444444444
0.45555555555555555,0.5694444444444444
0.45555555555555555,0.5616438356164384
0.45555555555555555,0.5616438356164384
0.45555555555555555,0.5616438356164384
0.45555555555555555,0.5540540540540541
0.45555555555555555,0.5540540540540541
0.45555555555555555,0.5540540540540541
0.45555555555555555,0.5540540540540541
0.45555555555555555,0.5540540540540541
0.45555555555555555,0.5466666666666666
0.45555555555555555,0.5466666666666666
0.45555555555555555,0.5466666666666666
0.4666666666666667,0.5526315789473685
0.4666666666666667,0.5526315789473685
0.4666666666666667,0.5454545454545454
0.4666666666666667,0.5454545454545454
0.4666666666666667,0.5384615384615384
0.4666666666666667,0.5384615384615384
0.4666666666666667,0.5384615384615384
0.4666666666666667,0.5384615384615384
0.4666666666666667,0.5384615384615384
0.4666666666666667,0.5384615384615384
0.4666666666666667,0.5316455696202531
0.4666666666666667,0.5316455696202531
0.4666666666666667,0.5316455696202531
0.4777777777777778,0.5375
0.4777777777777778,0.5375
0.4777777777777778,0.5375
0.4777777777777778,0.5375
0.4777777777777778,0.5375
0.4777777777777778,0.5375
0.4777777777777778,0.5375
0.4777777777777778,0.5308641975308642
0.4777777777777778,0.5308641975308642
0.4777777777777778,0.5308641975308642
0.4777777777777778,0.5308641975308642
0.4777777777777778,0.524390243902439
0.4777777777777778,0.524390243902439
0.4888888888888889,0.5301204819277109
0.4888888888888889,0.5301204819277109
0.4888888888888889,0.5301204819277109
0.4888888888888889,0.5301204819277109
0.5,0.5357142857142857
0.5,0.5357142857142857
0.5,0.5357142857142857
0.5,0.5294117647058824
0.5,0.5294117647058824
0.5,0.5294117647058824
0.5,0.5294117647058824
0.5,0.5294117647058824
0.5,0.5294117647058824
0.5,0.5294117647058824
0.5,0.5232558139534884
0.5,0.5232558139534884
0.5,0.5232558139534884
0.5,0.5232558139534884
0.5,0.5232558139534884
0.5,0.5172413793103449
0.5,0.5172413793103449
0.5111111111111111,0.5227272727272727
0.5111111111111111,0.5227272727272727
0.5222222222222223,0.5280898876404494
0.5222222222222223,0.5280898876404494
0.5222222222222223,0.5280898876404494
0.5222222222222223,0.5222222222222223
0.5222222222222223,0.5222222222222223
0.5222222222222223,0.5222222222222223
0.5222222222222223,0.5222222222222223
0.5222222222222223,0.5222222222222223
0.5333333333333333,0.5274725274725275
0.5333333333333333,0.5217391304347826
0.5333333333333333,0.5217391304347826
0.5333333333333333,0.5217391304347826
0.5333333333333333,0.5161290322580645
0.5333333333333333,0.5106382978723404
0.5333333333333333,0.5052631578947369
0.5333333333333333,0.5052631578947369
0.5333333333333333,0.5052631578947369
0.5333333333333333,0.5052631578947369
0.5333333333333333,0.5052631578947369
0.5333333333333333,0.5
0.5333333333333333,0.5
0.5333333333333333,0.4948453608247423
0.5333333333333333,0.4948453608247423
0.5333333333333333,0.4948453608247423
0.5333333333333333,0.4948453608247423
0.5333333333333333,0.4948453608247423
0.5333333333333333,0.4948453608247423
0.5333333333333333,0.4948453608247423
0.5444444444444444,0.5
0.5444444444444444,0.5
0.5444444444444444,0.5
0.5444444444444444,0.5
0.5444444444444444,0.5
0.5555555555555556,0.5050505050505051
0.5555555555555556,0.5050505050505051
0.5555555555555556,0.5050505050505051
0.5555555555555556,0.5050505050505051
0.5555555555555556,0.5050505050505051
0.5555555555555556,0.5
0.5555555555555556,0.5
0.5555555555555556,0.5
0.5555555555555556,0.5
0.5555555555555556,0.5
0.5555555555555556,0.5
0.5666666666666667,0.504950495049505
0.5666666666666667,0.504950495049505
0.5666666666666667,0.504950495049505
0.5666666666666667,0.504950495049505
0.5666666666666667,0.5
0.5666666666666667,0.49514563106796117
0.5666666666666667,0.49514563106796117
0.5666666666666667,0.49038461538461536
0.5666666666666667,0.4857142857142857
0.5666666666666667,0.4811320754716981
0.5666666666666667,0.4811320754716981
0.5666666666666667,0.4766355140186916
0.5666666666666667,0.4722222222222222
0.5666666666666667,0.46788990825688076
0.5666666666666667,0.4636363636363636
0.5666666666666667,0.4636363636363636
0.5666666666666667,0.4594594594594595
0.5666666666666667,0.4594594594594595
0.5666666666666667,0.4594594594594595
0.5666666666666667,0.4594594594594595
0.5666666666666667,0.4594594594594595
0.5666666666666667,0.4594594594594595
0.5666666666666667,0.4594594594594595
0.5666666666666667,0.45535714285714285
0.5666666666666667,0.45132743362831856
0.5666666666666667,0.4473684210526316
0.5666666666666667,0.4473684210526316
0.5666666666666667,0.4434782608695652
0.5666666666666667,0.4434782608695652
0.5666666666666667,0.4434782608695652
0.5666666666666667,0.4434782608695652
0.5666666666666667,0.4434782608695652
0.5666666666666667,0.4396551724137931
0.5666666666666667,0.4396551724137931
0.5666666666666667,0.4396551724137931
0.5666666666666667,0.4396551724137931
0.5666666666666667,0.4396551724137931
0.5666666666666667,0.4396551724137931
0.5666666666666667,0.4396551724137931
0.5666666666666667,0.4396551724137931
0.5666666666666667,0.4396551724137931
0.5666666666666667,0.4396551724137931
0.5666666666666667,0.4358974358974359
0.5666666666666667,0.4322033898305085
0.5666666666666667,0.42857142857142855
0.5666666666666667,0.425
0.5666666666666667,0.425
0.5666666666666667,0.425
0.5666666666666667,0.4214876033057851
0.5666666666666667,0.4214876033057851
0.5666666666666667,0.4180327868852459
0.5666666666666667,0.4180327868852459
0.5666666666666667,0.4180327868852459
0.5666666666666667,0.4180327868852459
0.5666666666666667,0.4180327868852459
0.5777777777777777,0.42276422764227645
0.5777777777777777,0.42276422764227645
0.5777777777777777,0.41935483870967744
0.5777777777777777,0.41935483870967744
0.5777777777777777,0.41935483870967744
0.5777777777777777,0.416
0.5777777777777777,0.416
0.5777777777777777,0.416
0.5777777777777777,0.416
0.5777777777777777,0.416
0.5777777777777777,0.416
0.5777777777777777,0.4126984126984127
0.5777777777777777,0.4094488188976378
0.5777777777777777,0.4094488188976378
0.5777777777777777,0.4094488188976378
0.5777777777777777,0.4094488188976378
0.5777777777777777,0.4094488188976378
0.5777777777777777,0.4094488188976378
0.5777777777777777,0.4094488188976378
0.5777777777777777,0.4094488188976378
0.5777777777777777,0.4094488188976378
0.5777777777777777,0.4094488188976378
0.5777777777777777,0.4094488188976378
0.5777777777777777,0.4094488188976378
0.5777777777777777,0.4094488188976378
0.5777777777777777,0.40625
0.5777777777777777,0.40625
0.5777777777777777,0.40625
0.5777777777777777,0.40310077519379844
0.5777777777777777,0.40310077519379844
0.5777777777777777,0.40310077519379844
0.5777777777777777,0.40310077519379844
0.5777777777777777,0.40310077519379844
0.5777777777777777,0.40310077519379844
0.5777777777777777,0.40310077519379844
0.5777777777777777,0.40310077519379844
0.5777777777777777,0.40310077519379844
0.5777777777777777,0.40310077519379844
0.5777777777777777,0.40310077519379844
0.5777777777777777,0.40310077519379844
0.5777777777777777,0.40310077519379844
0.5777777777777777,0.40310077519379844
0.5777777777777777,0.4
0.5777777777777777,0.4
0.5777777777777777,0.3969465648854962
0.5777777777777777,0.3969465648854962
0.5777777777777777,0.3969465648854962
0.5777777777777777,0.3939393939393939
0.5777777777777777,0.3939393939393939
0.5777777777777777,0.3939393939393939
0.5777777777777777,0.3939393939393939
0.5777777777777777,0.3939393939393939
0.5777777777777777,0.39097744360902253
0.5777777777777777,0.39097744360902253
0.5777777777777777,0.39097744360902253
0.5777777777777777,0.39097744360902253
0.5777777777777777,0.39097744360902253
0.5888888888888889,0.39552238805970147
0.5888888888888889,0.39552238805970147
0.5888888888888889,0.39552238805970147
0.5888888888888889,0.39552238805970147
0.5888888888888889,0.3925925925925926
0.5888888888888889,0.3925925925925926
0.5888888888888889,0.3897058823529412
0.5888888888888889,0.38686131386861317
0.6,0.391304347826087
0.6,0.38848920863309355
0.6,0.38848920863309355
0.6,0.38848920863309355
0.6,0.38848920863309355
0.6,0.38848920863309355
0.6,0.38848920863309355
0.6,0.38848920863309355
0.6,0.38848920863309355
0.6,0.38848920863309355
0.6,0.38848920863309355
0.6,0.38571428571428573
0.6,0.38571428571428573
0.6,0.38571428571428573
0.6,0.38571428571428573
0.6,0.3829787234042553
0.6,0.3829787234042553
0.6,0.3829787234042553
0.6,0.3829787234042553
0.6,0.38028169014084506
0.6,0.38028169014084506
0.6,0.38028169014084506
0.6,0.38028169014084506
0.6,0.38028169014084506
0.6,0.38028169014084506
0.6,0.38028169014084506
0.6,0.38028169014084506
0.6,0.38028169014084506
0.6,0.38028169014084506
0.6,0.38028169014084506
0.6,0.38028169014084506
0.6,0.3776223776223776
0.6,0.3776223776223776
0.6,0.3776223776223776
0.6,0.3776223776223776
0.6111111111111112,0.3819444444444444
0.6111111111111112,0.3819444444444444
0.6111111111111112,0.3819444444444444
0.6111111111111112,0.3819444444444444
0.6111111111111112,0.3819444444444444
0.6111111111111112,0.3819444444444444
0.6111111111111112,0.3819444444444444
0.6111111111111112,0.3793103448275862
0.6111111111111112,0.3793103448275862
0.6111111111111112,0.3793103448275862
0.6111111111111112,0.3767123287671233
0.6111111111111112,0.3741496598639456
0.6111111111111112,0.3741496598639456
0.6111111111111112,0.3741496598639456
0.6111111111111112,0.3741496598639456
0.6111111111111112,0.3741496598639456
0.6111111111111112,0.3741496598639456
0.6111111111111112,0.3741496598639456
0.6111111111111112,0.3741496598639456
0.6111111111111112,0.3716216216216216
0.6111111111111112,0.3716216216216216
0.6111111111111112,0.3716216216216216
0.6111111111111112,0.3716216216216216
0.6111111111111112,0.3716216216216216
0.6111111111111112,0.3716216216216216
0.6111111111111112,0.3716216216216216
0.6222222222222222,0.37583892617449666
0.6222222222222222,0.37333333333333335
0.6222222222222222,0.37333333333333335
0.6222222222222222,0.3708609271523179
0.6222222222222222,0.3708609271523179
0.6222222222222222,0.3708609271523179
0.6333333333333333,0.375
0.6333333333333333,0.37254901960784315
0.6333333333333333,0.37254901960784315
0.6333333333333333,0.37012987012987014
0.6444444444444445,0.3741935483870968
0.6444444444444445,0.3741935483870968
0.6444444444444445,0.3741935483870968
0.6444444444444445,0.3741935483870968
0.6444444444444445,0.3741935483870968
0.6444444444444445,0.3741935483870968
0.6444444444444445,0.3717948717948718
0.6444444444444445,0.3717948717948718
0.6444444444444445,0.3717948717948718
0.6444444444444445,0.3717948717948718
0.6444444444444445,0.3717948717948718
0.6444444444444445,0.3717948717948718
0.6444444444444445,0.3717948717948718
0.6444444444444445,0.36942675159235666
0.6444444444444445,0.36942675159235666
0.6444444444444445,0.36942675159235666
0.6444444444444445,0.36942675159235666
0.6444444444444445,0.36942675159235666
0.6444444444444445,0.36942675159235666
0.6444444444444445,0.36942675159235666
0.6444444444444445,0.36942675159235666
0.6444444444444445,0.36942675159235666
0.6444444444444445,0.3670886075949367
0.6444444444444445,0.3670886075949367
0.6444444444444445,0.3670886075949367
0.6444444444444445,0.3670886075949367
0.6444444444444445,0.3670886075949367
0.6444444444444445,0.3670886075949367
0.6444444444444445,0.3670886075949367
0.6444444444444445,0.3670886075949367
0.6444444444444445,0.3670886075949367
0.6444444444444445,0.3670886075949367
0.6444444444444445,0.3670886075949367
0.6444444444444445,0.3670886075949367
0.6444444444444445,0.3670886075949367
0.6444444444444445,0.36477987421383645
0.6444444444444445,0.36477987421383645
0.6555555555555556,0.36875
0.6555555555555556,0.36645962732919257
0.6555555555555556,0.36645962732919257
0.6555555555555556,0.36645962732919257
0.6555555555555556,0.36645962732919257
0.6555555555555556,0.36645962732919257
0.6555555555555556,0.36645962732919257
0.6666666666666666,0.37037037037037035
0.6666666666666666,0.37037037037037035
0.6666666666666666,0.36809815950920244
0.6666666666666666,0.36809815950920244
0.6666666666666666,0.36809815950920244
0.6666666666666666,0.36809815950920244
0.6666666666666666,0.36585365853658536
0.6666666666666666,0.36585365853658536
0.6666666666666666,0.36585365853658536
0.6666666666666666,0.36585365853658536
0.6666666666666666,0.36585365853658536
0.6666666666666666,0.36363636363636365
0.6666666666666666,0.36363636363636365
0.6666666666666666,0.36363636363636365
0.6666666666666666,0.36363636363636365
0.6666666666666666,0.36363636363636365
0.6666666666666666,0.36363636363636365
0.6777777777777778,0.3674698795180723
0.6777777777777778,0.3674698795180723
0.6777777777777778,0.3674698795180723
0.6777777777777778,0.3674698795180723
0.6777777777777778,0.3674698795180723
0.6777777777777778,0.3674698795180723
0.6777777777777778,0.3674698795180723
0.6777777777777778,0.3674698795180723
0.6777777777777778,0.3674698795180723
0.6777777777777778,0.3674698795180723
0.6777777777777778,0.3674698795180723
0.6777777777777778,0.3674698795180723
0.6777777777777778,0.3674698795180723
0.6777777777777778,0.3652694610778443
0.6777777777777778,0.3652694610778443
0.6777777777777778,0.3652694610778443
0.6777777777777778,0.3652694610778443
0.6777777777777778,0.3652694610778443
0.6777777777777778,0.3652694610778443
0.6777777777777778,0.3652694610778443
0.6777777777777778,0.3652694610778443
0.6777777777777778,0.3630952380952381
0.6777777777777778,0.3630952380952381
0.6777777777777778,0.3630952380952381
0.6777777777777778,0.3630952380952381
0.6777777777777778,0.3609467455621302
0.6888888888888889,0.36470588235294116
0.6888888888888889,0.36470588235294116
0.6888888888888889,0.36470588235294116
0.6888888888888889,0.36470588235294116
0.6888888888888889,0.36470588235294116
0.6888888888888889,0.36257309941520466
0.6888888888888889,0.36257309941520466
0.6888888888888889,0.36257309941520466
0.6888888888888889,0.36257309941520466
0.6888888888888889,0.36257309941520466
0.6888888888888889,0.36257309941520466
0.7,0.36627906976744184
0.7,0.36627906976744184
0.7,0.36627906976744184
0.7,0.36627906976744184
0.7,0.36627906976744184
0.7,0.36627906976744184
0.7,0.36627906976744184
0.7,0.36627906976744184
0.7,0.36627906976744184
0.7,0.36627906976744184
0.7,0.36627906976744184
0.7,0.36627906976744184
0.7,0.36627906976744184
0.7,0.36627906976744184
0.7,0.36627906976744184
0.7,0.36627906976744184
0.7,0.36416184971098264
0.7,0.36416184971098264
0.7,0.36416184971098264
0.7,0.36416184971098264
0.7,0.36416184971098264
0.7,0.36416184971098264
0.7111111111111111,0.367816091954023
0.7111111111111111,0.367816091954023
0.7111111111111111,0.3657142857142857
0.7111111111111111,0.36363636363636365
0.7111111111111111,0.3615819209039548
0.7111111111111111,0.3595505617977528
0.7111111111111111,0.3575418994413408
0.7111111111111111,0.3575418994413408
0.7111111111111111,0.3575418994413408
0.7111111111111111,0.35555555555555557
0.7111111111111111,0.35555555555555557
0.7111111111111111,0.35555555555555557
0.7111111111111111,0.35359116022099446
0.7111111111111111,0.35359116022099446
0.7111111111111111,0.35359116022099446
0.7111111111111111,0.3516483516483517
0.7111111111111111,0.3516483516483517
0.7111111111111111,0.3516483516483517
0.7111111111111111,0.3516483516483517
0.7111111111111111,0.3516483516483517
0.7111111111111111,0.3516483516483517
0.7111111111111111,0.34972677595628415
0.7111111111111111,0.34972677595628415
0.7111111111111111,0.34972677595628415
0.7111111111111111,0.34972677595628415
0.7111111111111111,0.34972677595628415
0.7111111111111111,0.34782608695652173
0.7111111111111111,0.34782608695652173
0.7111111111111111,0.34594594594594597
0.7111111111111111,0.34594594594594597
0.7111111111111111,0.34408602150537637
0.7111111111111111,0.34408602150537637
0.7111111111111111,0.34408602150537637
0.7111111111111111,0.34408602150537637
0.7111111111111111,0.34408602150537637
0.7111111111111111,0.3422459893048128
0.7111111111111111,0.3422459893048128
0.7111111111111111,0.3422459893048128
0.7111111111111111,0.3422459893048128
0.7111111111111111,0.3422459893048128
0.7111111111111111,0.3422459893048128
0.7111111111111111,0.3422459893048128
0.7111111111111111,0.3422459893048128
0.7111111111111111,0.3422459893048128
0.7111111111111111,0.3422459893048128
0.7111111111111111,0.3422459893048128
0.7111111111111111,0.3422459893048128
0.7111111111111111,0.3422459893048128
0.7111111111111111,0.3422459893048128
0.7111111111111111,0.3404255319148936
0.7111111111111111,0.3404255319148936
0.7111111111111111,0.3404255319148936
0.7111111111111111,0.3404255319148936
0.7111111111111111,0.3386243386243386
0.7111111111111111,0.3386243386243386
0.7111111111111111,0.3386243386243386
0.7111111111111111,0.3368421052631579
0.7111111111111111,0.33507853403141363
0.7111111111111111,0.33507853403141363
0.7111111111111111,0.33507853403141363
0.7111111111111111,0.33507853403141363
0.7111111111111111,0.33507853403141363
0.7111111111111111,0.33507853403141363
0.7111111111111111,0.33507853403141363
0.7111111111111111,0.33507853403141363
0.7111111111111111,0.33507853403141363
0.7111111111111111,0.33507853403141363
0.7111111111111111,0.33507853403141363
0.7111111111111111,0.33507853403141363
0.7111111111111111,0.33507853403141363
0.7111111111111111,0.33507853403141363
0.7111111111111111,0.33507853403141363
0.7111111111111111,0.3333333333333333
0.7111111111111111,0.3333333333333333
0.7111111111111111,0.3333333333333333
0.7111111111111111,0.3333333333333333
0.7111111111111111,0.3333333333333333
0.7111111111111111,0.3333333333333333
0.7111111111111111,0.3316062176165803
0.7111111111111111,0.3316062176165803
0.7111111111111111,0.3316062176165803
0.7111111111111111,0.3316062176165803
0.7111111111111111,0.3316062176165803
0.7111111111111111,0.3316062176165803
0.7111111111111111,0.3316062176165803
0.7111111111111111,0.32989690721649484
0.7111111111111111,0.32989690721649484
0.7111111111111111,0.32989690721649484
0.7111111111111111,0.32989690721649484
0.7111111111111111,0.32989690721649484
0.7111111111111111,0.32989690721649484
0.7111111111111111,0.32989690721649484
0.7111111111111111,0.3282051282051282
0.7111111111111111,0.3282051282051282
0.7111111111111111,0.3282051282051282
0.7111111111111111,0.32653061224489793
0.7111111111111111,0.32653061224489793
0.7111111111111111,0.32653061224489793
0.7111111111111111,0.32653061224489793
0.7111111111111111,0.32653061224489793
0.7111111111111111,0.32653061224489793
0.7111111111111111,0.32653061224489793
0.7111111111111111,0.32653061224489793
0.7111111111111111,0.32653061224489793
0.7111111111111111,0.3248730964467005
0.7111111111111111,0.3248730964467005
0.7111111111111111,0.3248730964467005
0.7111111111111111,0.32323232323232326
0.7111111111111111,0.32323232323232326
0.7111111111111111,0.32160804020100503
0.7111111111111111,0.32160804020100503
0.7111111111111111,0.32160804020100503
0.7111111111111111,0.32160804020100503
0.7111111111111111,0.32160804020100503
0.7111111111111111,0.32
0.7111111111111111,0.32
0.7111111111111111,0.31840796019900497
0.7111111111111111,0.31840796019900497
0.7111111111111111,0.31840796019900497
0.7111111111111111,0.31840796019900497
0.7111111111111111,0.31840796019900497
0.7111111111111111,0.31683168316831684
0.7111111111111111,0.31683168316831684
0.7111111111111111,0.31683168316831684
0.7111111111111111,0.31527093596059114
0.7111111111111111,0.31527093596059114
0.7111111111111111,0.31527093596059114
0.7111111111111111,0.31527093596059114
0.7111111111111111,0.31527093596059114
0.7111111111111111,0.31527093596059114
0.7111111111111111,0.31527093596059114
0.7111111111111111,0.31527093596059114
0.7111111111111111,0.31527093596059114
0.7111111111111111,0.31527093596059114
0.7111111111111111,0.31527093596059114
0.7111111111111111,0.31527093596059114
0.7111111111111111,0.31527093596059114
0.7111111111111111,0.31527093596059114
0.7111111111111111,0.3137254901960784
0.7111111111111111,0.3137254901960784
0.7111111111111111,0.3137254901960784
0.7111111111111111,0.3137254901960784
0.7111111111111111,0.3137254901960784
0.7111111111111111,0.3137254901960784
0.7111111111111111,0.3137254901960784
0.7111111111111111,0.3137254901960784
0.7111111111111111,0.3137254901960784
0.7111111111111111,0.3137254901960784
0.7111111111111111,0.3137254901960784
0.7111111111111111,0.3137254901960784
0.7111111111111111,0.3121951219512195
0.7111111111111111,0.3121951219512195
0.7111111111111111,0.3121951219512195
0.7111111111111111,0.3106796116504854
0.7111111111111111,0.30917874396135264
0.7111111111111111,0.30917874396135264
0.7111111111111111,0.30917874396135264
0.7111111111111111,0.3076923076923077
0.7111111111111111,0.3076923076923077
0.7111111111111111,0.3062200956937799
0.7111111111111111,0.3062200956937799
0.7111111111111111,0.3062200956937799
0.7111111111111111,0.3062200956937799
0.7111111111111111,0.3062200956937799
0.7111111111111111,0.3062200956937799
0.7111111111111111,0.3062200956937799
0.7111111111111111,0.3062200956937799
0.7111111111111111,0.3062200956937799
0.7111111111111111,0.3062200956937799
0.7111111111111111,0.3047619047619048
0.7111111111111111,0.3047619047619048
0.7111111111111111,0.3047619047619048
0.7111111111111111,0.3047619047619048
0.7111111111111111,0.3047619047619048
0.7111111111111111,0.3047619047619048
0.7111111111111111,0.3033175355450237
0.7111111111111111,0.3033175355450237
0.7111111111111111,0.3018867924528302
0.7111111111111111,0.3018867924528302
0.7111111111111111,0.3018867924528302
0.7111111111111111,0.3018867924528302
0.7111111111111111,0.3018867924528302
0.7111111111111111,0.3018867924528302
0.7111111111111111,0.3018867924528302
0.7111111111111111,0.3018867924528302
0.7111111111111111,0.3004694835680751
0.7111111111111111,0.3004694835680751
0.7111111111111111,0.3004694835680751
0.7111111111111111,0.3004694835680751
0.7111111111111111,0.29906542056074764
0.7111111111111111,0.29906542056074764
0.7111111111111111,0.29906542056074764
0.7111111111111111,0.29906542056074764
0.7111111111111111,0.29767441860465116
0.7111111111111111,0.29767441860465116
0.7111111111111111,0.29767441860465116
0.7111111111111111,0.29767441860465116
0.7111111111111111,0.29767441860465116
0.7111111111111111,0.2962962962962963
0.7111111111111111,0.2962962962962963
0.7111111111111111,0.2962962962962963
0.7111111111111111,0.2962962962962963
0.7111111111111111,0.2962962962962963
0.7111111111111111,0.2962962962962963
0.7111111111111111,0.29493087557603687
0.7111111111111111,0.29493087557603687
0.7111111111111111,0.29493087557603687
0.7111111111111111,0.29357798165137616
0.7111111111111111,0.29357798165137616
0.7111111111111111,0.29357798165137616
0.7111111111111111,0.2922374429223744
0.7111111111111111,0.2922374429223744
0.7111111111111111,0.2922374429223744
0.7111111111111111,0.2922374429223744
0.7111111111111111,0.2909090909090909
0.7111111111111111,0.2895927601809955
0.7111111111111111,0.2895927601809955
0.7111111111111111,0.2895927601809955
0.7111111111111111,0.2895927601809955
0.7111111111111111,0.2882882882882883
0.7111111111111111,0.28699551569506726
0.7111111111111111,0.28699551569506726
0.7111111111111111,0.28699551569506726
0.7111111111111111,0.2857142857142857
0.7111111111111111,0.2857142857142857
0.7111111111111111,0.2857142857142857
0.7111111111111111,0.2857142857142857
0.7111111111111111,0.2857142857142857
0.7111111111111111,0.2857142857142857
0.7111111111111111,0.28444444444444444
0.7111111111111111,0.28444444444444444
0.7111111111111111,0.28444444444444444
0.7111111111111111,0.28444444444444444
0.7111111111111111,0.28444444444444444
0.7111111111111111,0.2831858407079646
0.7111111111111111,0.2831858407079646
0.7111111111111111,0.2831858407079646
0.7111111111111111,0.2831858407079646
0.7111111111111111,0.28193832599118945
0.7111111111111111,0.28193832599118945
0.7111111111111111,0.28193832599118945
0.7111111111111111,0.28193832599118945
0.7111111111111111,0.2807017543859649
0.7111111111111111,0.2794759825327511
0.7111111111111111,0.2794759825327511
0.7111111111111111,0.2782608695652174
0.7111111111111111,0.2782608695652174
0.7111111111111111,0.2782608695652174
0.7111111111111111,0.2782608695652174
0.7111111111111111,0.2782608695652174
0.7111111111111111,0.2782608695652174
0.7111111111111111,0.27705627705627706
0.7111111111111111,0.27705627705627706
0.7111111111111111,0.27705627705627706
0.7111111111111111,0.27705627705627706
0.7111111111111111,0.27705627705627706
0.7111111111111111,0.27705627705627706
0.7111111111111111,0.27705627705627706
0.7111111111111111,0.27705627705627706
0.7111111111111111,0.27705627705627706
0.7111111111111111,0.27705627705627706
0.7111111111111111,0.27705627705627706
0.7111111111111111,0.27705627705627706
0.7111111111111111,0.27705627705627706
0.7111111111111111,0.27705627705627706
0.7111111111111111,0.27705627705627706
0.7111111111111111,0.27586206896551724
0.7111111111111111,0.27586206896551724
0.7111111111111111,0.27586206896551724
0.7111111111111111,0.27586206896551724
0.7111111111111111,0.27586206896551724
0.7111111111111111,0.27586206896551724
0.7111111111111111,0.27586206896551724
0.7111111111111111,0.27586206896551724
0.7111111111111111,0.27467811158798283
0.7111111111111111,0.27467811158798283
0.7111111111111111,0.27467811158798283
0.7111111111111111,0.27467811158798283
0.7111111111111111,0.27467811158798283
0.7111111111111111,0.27467811158798283
0.7111111111111111,0.27467811158798283
0.7111111111111111,0.27467811158798283
0.7111111111111111,0.27350427350427353
0.7111111111111111,0.27350427350427353
0.7111111111111111,0.27350427350427353
0.7111111111111111,0.27350427350427353
0.7111111111111111,0.27350427350427353
0.7111111111111111,0.27350427350427353
0.7111111111111111,0.2723404255319149
0.7111111111111111,0.2723404255319149
0.7111111111111111,0.2723404255319149
0.7111111111111111,0.2723404255319149
0.7111111111111111,0.2723404255319149
0.7111111111111111,0.2711864406779661
0.7111111111111111,0.2711864406779661
0.7111111111111111,0.270042194092827
0.7111111111111111,0.270042194092827
0.7111111111111111,0.270042194092827
0.7111111111111111,0.270042194092827
0.7111111111111111,0.270042194092827
0.7111111111111111,0.270042194092827
0.7111111111111111,0.270042194092827
0.7111111111111111,0.270042194092827
0.7111111111111111,0.2689075630252101
0.7111111111111111,0.2689075630252101
0.7111111111111111,0.2689075630252101
0.7111111111111111,0.2689075630252101
0.7111111111111111,0.2689075630252101
0.7111111111111111,0.2689075630252101
0.7111111111111111,0.26778242677824265
0.7111111111111111,0.26778242677824265
0.7111111111111111,0.26778242677824265
0.7111111111111111,0.26778242677824265
0.7111111111111111,0.26666666666666666
0.7111111111111111,0.26556016597510373
0.7111111111111111,0.26556016597510373
0.7111111111111111,0.26556016597510373
0.7111111111111111,0.2644628099173554
0.7111111111111111,0.2644628099173554
0.7111111111111111,0.2644628099173554
0.7111111111111111,0.2644628099173554
0.7111111111111111,0.2644628099173554
0.7111111111111111,0.2644628099173554
0.7111111111111111,0.2644628099173554
0.7111111111111111,0.2644628099173554
0.7111111111111111,0.26337448559670784
0.7111111111111111,0.26337448559670784
0.7111111111111111,0.26337448559670784
0.7111111111111111,0.26337448559670784
0.7111111111111111,0.26337448559670784
0.7111111111111111,0.26337448559670784
0.7111111111111111,0.26337448559670784
0.7111111111111111,0.26337448559670784
0.7111111111111111,0.26229508196721313
0.7111111111111111,0.26229508196721313
0.7111111111111111,0.26229508196721313
0.7111111111111111,0.26229508196721313
0.7111111111111111,0.2612244897959184
0.7111111111111111,0.2612244897959184
0.7111111111111111,0.2612244897959184
0.7111111111111111,0.2612244897959184
0.7111111111111111,0.2601626016260163
0.7111111111111111,0.2591093117408907
0.7111111111111111,0.25806451612903225
0.7111111111111111,0.25806451612903225
0.7111111111111111,0.25806451612903225
0.7111111111111111,0.2570281124497992
0.7111111111111111,0.2570281124497992
0.7111111111111111,0.2570281124497992
0.7111111111111111,0.256
0.7111111111111111,0.2549800796812749
0.7111111111111111,0.2549800796812749
0.7111111111111111,0.2549800796812749
0.7111111111111111,0.2549800796812749
0.7111111111111111,0.2549800796812749
0.7111111111111111,0.25396825396825395
0.7111111111111111,0.25396825396825395
0.7111111111111111,0.25396825396825395
0.7111111111111111,0.25396825396825395
0.7111111111111111,0.25396825396825395
0.7111111111111111,0.25396825396825395
0.7111111111111111,0.25296442687747034
0.7111111111111111,0.25296442687747034
0.7111111111111111,0.25296442687747034
0.7111111111111111,0.25296442687747034
0.7111111111111111,0.25296442687747034
0.7111111111111111,0.25296442687747034
0.7111111111111111,0.25196850393700787
0.7111111111111111,0.25196850393700787
0.7111111111111111,0.25196850393700787
0.7111111111111111,0.25196850393700787
0.7111111111111111,0.25098039215686274
0.7111111111111111,0.25098039215686274
0.7111111111111111,0.25098039215686274
0.7111111111111111,0.25098039215686274
0.7111111111111111,0.25098039215686274
0.7111111111111111,0.25098039215686274
0.7111111111111111,0.25098039215686274
0.7111111111111111,0.25098039215686274
0.7222222222222222,0.25390625
0.7222222222222222,0.25390625
0.7222222222222222,0.25390625
0.7222222222222222,0.25390625
0.7222222222222222,0.25390625
0.7222222222222222,0.2529182879377432
0.7222222222222222,0.2529182879377432
0.7222222222222222,0.2529182879377432
0.7222222222222222,0.25193798449612403
0.7222222222222222,0.25193798449612403
0.7222222222222222,0.25096525096525096
0.7222222222222222,0.25096525096525096
0.7222222222222222,0.25096525096525096
0.7222222222222222,0.25096525096525096
0.7222222222222222,0.25096525096525096
0.7222222222222222,0.25096525096525096
0.7222222222222222,0.25096525096525096
0.7222222222222222,0.25096525096525096
0.7222222222222222,0.25
0.7222222222222222,0.24904214559386972
0.7222222222222222,0.24904214559386972
0.7222222222222222,0.2480916030534351
0.7222222222222222,0.2480916030534351
0.7222222222222222,0.2480916030534351
0.7222222222222222,0.2480916030534351
0.7222222222222222,0.2480916030534351
0.7222222222222222,0.2480916030534351
0.7222222222222222,0.2480916030534351
0.7222222222222222,0.24714828897338403
0.7222222222222222,0.24714828897338403
0.7222222222222222,0.24714828897338403
0.7222222222222222,0.24714828897338403
0.7222222222222222,0.24714828897338403
0.7222222222222222,0.24714828897338403
0.7222222222222222,0.24714828897338403
0.7222222222222222,0.24621212121212122
0.7222222222222222,0.24621212121212122
0.7222222222222222,0.24621212121212122
0.7222222222222222,0.24528301886792453
0.7222222222222222,0.24436090225563908
0.7222222222222222,0.24344569288389514
0.7222222222222222,0.24253731343283583
0.7222222222222222,0.24253731343283583
0.7222222222222222,0.24253731343283583
0.7222222222222222,0.24253731343283583
0.7222222222222222,0.241635687732342
0.7222222222222222,0.241635687732342
0.7222222222222222,0.241635687732342
0.7222222222222222,0.241635687732342
0.7222222222222222,0.24074074074074073
0.7222222222222222,0.23985239852398524
0.7222222222222222,0.23985239852398524
0.7222222222222222,0.23985239852398524
0.7222222222222222,0.23985239852398524
0.7222222222222222,0.23985239852398524
0.7222222222222222,0.23985239852398524
0.7222222222222222,0.23985239852398524
0.7222222222222222,0.23985239852398524
0.7222222222222222,0.23985239852398524
0.7222222222222222,0.23897058823529413
0.7222222222222222,0.23897058823529413
0.7222222222222222,0.23897058823529413
0.7222222222222222,0.23897058823529413
0.7222222222222222,0.23809523809523808
0.7222222222222222,0.23809523809523808
0.7222222222222222,0.23809523809523808
0.7222222222222222,0.23722627737226276
0.7222222222222222,0.23722627737226276
0.7222222222222222,0.23722627737226276
0.7222222222222222,0.23636363636363636
0.7222222222222222,0.23636363636363636
0.7222222222222222,0.23636363636363636
0.7222222222222222,0.23636363636363636
0.7222222222222222,0.23636363636363636
0.7222222222222222,0.23550724637681159
0.7222222222222222,0.23550724637681159
0.7222222222222222,0.23465703971119134
0.7222222222222222,0.23465703971119134
0.7222222222222222,0.23381294964028776
0.7222222222222222,0.23297491039426524
0.7222222222222222,0.23297491039426524
0.7222222222222222,0.23297491039426524
0.7222222222222222,0.23297491039426524
0.7222222222222222,0.23214285714285715
0.7222222222222222,0.23214285714285715
0.7222222222222222,0.2313167259786477
0.7222222222222222,0.23049645390070922
0.7222222222222222,0.22968197879858657
0.7222222222222222,0.22968197879858657
0.7222222222222222,0.22887323943661972
0.7222222222222222,0.22887323943661972
0.7222222222222222,0.22887323943661972
0.7222222222222222,0.22887323943661972
0.7222222222222222,0.22887323943661972
0.7222222222222222,0.22807017543859648
0.7222222222222222,0.22807017543859648
0.7222222222222222,0.22807017543859648
0.7222222222222222,0.22807017543859648
0.7222222222222222,0.22807017543859648
0.7222222222222222,0.22807017543859648
0.7222222222222222,0.22807017543859648
0.7222222222222222,0.22807017543859648
0.7222222222222222,0.22807017543859648
0.7222222222222222,0.22727272727272727
0.7222222222222222,0.22727272727272727
0.7222222222222222,0.22727272727272727
0.7222222222222222,0.2264808362369338
0.7222222222222222,0.2264808362369338
0.7222222222222222,0.2264808362369338
0.7222222222222222,0.2264808362369338
0.7222222222222222,0.2264808362369338
0.7222222222222222,0.2264808362369338
0.7222222222222222,0.2264808362369338
0.7222222222222222,0.2264808362369338
0.7222222222222222,0.2264808362369338
0.7222222222222222,0.2264808362369338
0.7222222222222222,0.2264808362369338
0.7222222222222222,0.2264808362369338
0.7222222222222222,0.2264808362369338
0.7222222222222222,0.2264808362369338
0.7222222222222222,0.2264808362369338
0.7222222222222222,0.2264808362369338
0.7222222222222222,0.2264808362369338
0.7222222222222222,0.2264808362369338
0.7222222222222222,0.2264808362369338
0.7222222222222222,0.2264808362369338
0.7222222222222222,0.2264808362369338
0.7222222222222222,0.2264808362369338
0.7222222222222222,0.2264808362369338
0.7222222222222222,0.2264808362369338
0.7222222222222222,0.2264808362369338
0.7222222222222222,0.22569444444444445
0.7222222222222222,0.22491349480968859
0.7222222222222222,0.22413793103448276
0.7222222222222222,0.22336769759450173
0.7222222222222222,0.22336769759450173
0.7222222222222222,0.2226027397260274
0.7222222222222222,0.2226027397260274
0.7222222222222222,0.2226027397260274
0.7222222222222222,0.2226027397260274
0.7222222222222222,0.2226027397260274
0.7222222222222222,0.22184300341296928
0.7222222222222222,0.22108843537414966
0.7222222222222222,0.22108843537414966
0.7222222222222222,0.22033898305084745
0.7222222222222222,0.2195945945945946
0.7222222222222222,0.2195945945945946
0.7222222222222222,0.21885521885521886
0.7222222222222222,0.21885521885521886
0.7222222222222222,0.21885521885521886
0.7222222222222222,0.21885521885521886
0.7222222222222222,0.21885521885521886
0.7222222222222222,0.21885521885521886
0.7222222222222222,0.2181208053691275
0.7222222222222222,0.2181208053691275
0.7222222222222222,0.2181208053691275
0.7222222222222222,0.2181208053691275
0.7222222222222222,0.2181208053691275
0.7222222222222222,0.2181208053691275
0.7222222222222222,0.21739130434782608
0.7222222222222222,0.21739130434782608
0.7222222222222222,0.21739130434782608
0.7222222222222222,0.21666666666666667
0.7222222222222222,0.21666666666666667
0.7222222222222222,0.2159468438538206
0.7222222222222222,0.2152317880794702
0.7222222222222222,0.2152317880794702
0.7222222222222222,0.2145214521452145
0.7222222222222222,0.2145214521452145
0.7222222222222222,0.2145214521452145
0.7222222222222222,0.2138157894736842
0.7222222222222222,0.2138157894736842
0.7222222222222222,0.2138157894736842
0.7222222222222222,0.2138157894736842
0.7222222222222222,0.2138157894736842
0.7222222222222222,0.2138157894736842
0.7222222222222222,0.2138157894736842
0.7222222222222222,0.2138157894736842
0.7222222222222222,0.2138157894736842
0.7222222222222222,0.2138157894736842
0.7222222222222222,0.2138157894736842
0.7222222222222222,0.2138157894736842
0.7222222222222222,0.2138157894736842
0.7222222222222222,0.2138157894736842
0.7222222222222222,0.2138157894736842
0.7222222222222222,0.21311475409836064
0.7222222222222222,0.21311475409836064
0.7222222222222222,0.21311475409836064
0.7222222222222222,0.21311475409836064
0.7222222222222222,0.21311475409836064
0.7222222222222222,0.21311475409836064
0.7222222222222222,0.21311475409836064
0.7222222222222222,0.21311475409836064
0.7222222222222222,0.21311475409836064
0.7222222222222222,0.21241830065359477
0.7222222222222222,0.21241830065359477
0.7222222222222222,0.21241830065359477
0.7222222222222222,0.21241830065359477
0.7222222222222222,0.21172638436482086
0.7222222222222222,0.21172638436482086
0.7222222222222222,0.21172638436482086
0.7222222222222222,0.21103896103896103
0.7222222222222222,0.21103896103896103
0.7222222222222222,0.21035598705501618
0.7222222222222222,0.21035598705501618
0.7222222222222222,0.21035598705501618
0.7222222222222222,0.21035598705501618
0.7222222222222222,0.20967741935483872
0.7222222222222222,0.20967741935483872
0.7222222222222222,0.2090032154340836
0.7222222222222222,0.2090032154340836
0.7222222222222222,0.2090032154340836
0.7222222222222222,0.2090032154340836
0.7222222222222222,0.2090032154340836
0.7222222222222222,0.20833333333333334
0.7222222222222222,0.20833333333333334
0.7222222222222222,0.20833333333333334
0.7222222222222222,0.20766773162939298
0.7222222222222222,0.20766773162939298
0.7222222222222222,0.20766773162939298
0.7222222222222222,0.20766773162939298
0.7222222222222222,0.20766773162939298
0.7222222222222222,0.2070063694267516
0.7222222222222222,0.20634920634920634
0.7222222222222222,0.20634920634920634
0.7222222222222222,0.20634920634920634
0.7222222222222222,0.20634920634920634
0.7222222222222222,0.20634920634920634
0.7222222222222222,0.20634920634920634
0.7222222222222222,0.20634920634920634
0.7222222222222222,0.20634920634920634
0.7222222222222222,0.20569620253164558
0.7222222222222222,0.20569620253164558
0.7222222222222222,0.20569620253164558
0.7222222222222222,0.20504731861198738
0.7222222222222222,0.20440251572327045
0.7222222222222222,0.20440251572327045
0.7222222222222222,0.20440251572327045
0.7222222222222222,0.20440251572327045
0.7222222222222222,0.20376175548589343
0.7222222222222222,0.203125
0.7222222222222222,0.20249221183800623
0.7222222222222222,0.20249221183800623
0.7222222222222222,0.20249221183800623
0.7222222222222222,0.20249221183800623
0.7222222222222222,0.20249221183800623
0.7222222222222222,0.20249221183800623
0.7222222222222222,0.20186335403726707
0.7222222222222222,0.20186335403726707
0.7222222222222222,0.20186335403726707
0.7222222222222222,0.20186335403726707
0.7222222222222222,0.20123839009287925
0.7222222222222222,0.20123839009287925
0.7222222222222222,0.2006172839506173
0.7222222222222222,0.2006172839506173
0.7222222222222222,0.2006172839506173
0.7222222222222222,0.2
0.7222222222222222,0.2
0.7222222222222222,0.19938650306748465
0.7222222222222222,0.19877675840978593
0.7222222222222222,0.19817073170731708
0.7222222222222222,0.19756838905775076
0.7222222222222222,0.19756838905775076
0.7222222222222222,0.19756838905775076
0.7222222222222222,0.19756838905775076
0.7222222222222222,0.19696969696969696
0.7222222222222222,0.19696969696969696
0.7222222222222222,0.19637462235649547
0.7222222222222222,0.19637462235649547
0.7222222222222222,0.19637462235649547
0.7222222222222222,0.19578313253012047
0.7222222222222222,0.19578313253012047
0.7222222222222222,0.19578313253012047
0.7222222222222222,0.19578313253012047
0.7222222222222222,0.19578313253012047
0.7222222222222222,0.19578313253012047
0.7222222222222222,0.19578313253012047
0.7222222222222222,0.19519519519519518
0.7222222222222222,0.19461077844311378
0.7222222222222222,0.19461077844311378
0.7222222222222222,0.19461077844311378
0.7222222222222222,0.19461077844311378
0.7222222222222222,0.19402985074626866
0.7222222222222222,0.19402985074626866
0.7222222222222222,0.19402985074626866
0.7222222222222222,0.19402985074626866
0.7222222222222222,0.19402985074626866
0.7222222222222222,0.19402985074626866
0.7222222222222222,0.19345238095238096
0.7222222222222222,0.19345238095238096
0.7222222222222222,0.19287833827893175
0.7222222222222222,0.19287833827893175
0.7222222222222222,0.19287833827893175
0.7222222222222222,0.19287833827893175
0.7222222222222222,0.19230769230769232
0.7222222222222222,0.19230769230769232
0.7222222222222222,0.19174041297935104
0.7222222222222222,0.19174041297935104
0.7222222222222222,0.19174041297935104
0.7222222222222222,0.19117647058823528
0.7222222222222222,0.19117647058823528
0.7222222222222222,0.1906158357771261
0.7222222222222222,0.1906158357771261
0.7222222222222222,0.1906158357771261
0.7222222222222222,0.1906158357771261
0.7222222222222222,0.1906158357771261
0.7222222222222222,0.19005847953216373
0.7222222222222222,0.19005847953216373
0.7222222222222222,0.18950437317784258
0.7222222222222222,0.18950437317784258
0.7222222222222222,0.18895348837209303
0.7222222222222222,0.18840579710144928
0.7222222222222222,0.18840579710144928
0.7222222222222222,0.18840579710144928
0.7222222222222222,0.18840579710144928
0.7222222222222222,0.18840579710144928
0.7222222222222222,0.18840579710144928
0.7222222222222222,0.18786127167630057
0.7222222222222222,0.18786127167630057
0.7222222222222222,0.18786127167630057
0.7222222222222222,0.18786127167630057
0.7222222222222222,0.18786127167630057
0.7222222222222222,0.18786127167630057
0.7222222222222222,0.18786127167630057
0.7222222222222222,0.18786127167630057
0.7222222222222222,0.1873198847262248
0.7222222222222222,0.1873198847262248
0.7222222222222222,0.1873198847262248
0.7222222222222222,0.1873198847262248
0.7222222222222222,0.1873198847262248
0.7222222222222222,0.1867816091954023
0.7222222222222222,0.18624641833810887
0.7222222222222222,0.18624641833810887
0.7222222222222222,0.18571428571428572
0.7222222222222222,0.18518518518518517
0.7222222222222222,0.18518518518518517
0.7222222222222222,0.18518518518518517
0.7222222222222222,0.18518518518518517
0.7222222222222222,0.18518518518518517
0.7222222222222222,0.18518518518518517
0.7222222222222222,0.18518518518518517
0.7222222222222222,0.1846590909090909
0.7222222222222222,0.18413597733711048
0.7222222222222222,0.18361581920903955
0.7222222222222222,0.18361581920903955
0.7222222222222222,0.18361581920903955
0.7222222222222222,0.18361581920903955
0.7222222222222222,0.18361581920903955
0.7222222222222222,0.18361581920903955
0.7222222222222222,0.18361581920903955
0.7222222222222222,0.18309859154929578
0.7222222222222222,0.18309859154929578
0.7222222222222222,0.18309859154929578
0.7222222222222222,0.18309859154929578
0.7222222222222222,0.18258426966292135
0.7222222222222222,0.18258426966292135
0.7222222222222222,0.18258426966292135
0.7222222222222222,0.18258426966292135
0.7222222222222222,0.18207282913165265
0.7222222222222222,0.18207282913165265
0.7222222222222222,0.18156424581005587
0.7222222222222222,0.18156424581005587
0.7222222222222222,0.18156424581005587
0.7222222222222222,0.18156424581005587
0.7222222222222222,0.18156424581005587
0.7222222222222222,0.18156424581005587
0.7222222222222222,0.18156424581005587
0.7222222222222222,0.18156424581005587
0.7222222222222222,0.181058495821727
0.7222222222222222,0.18055555555555555
0.7222222222222222,0.18005540166204986
0.7222222222222222,0.18005540166204986
0.7222222222222222,0.18005540166204986
0.7222222222222222,0.18005540166204986
0.7222222222222222,0.18005540166204986
0.7222222222222222,0.18005540166204986
0.7222222222222222,0.18005540166204986
0.7222222222222222,0.18005540166204986
0.7222222222222222,0.18005540166204986
0.7222222222222222,0.18005540166204986
0.7222222222222222,0.17955801104972377
0.7222222222222222,0.17955801104972377
0.7222222222222222,0.1790633608815427
0.7222222222222222,0.1790633608815427
0.7222222222222222,0.17857142857142858
0.7222222222222222,0.17857142857142858
0.7222222222222222,0.17857142857142858
0.7222222222222222,0.1780821917808219
0.7222222222222222,0.1780821917808219
0.7222222222222222,0.1780821917808219
0.7222222222222222,0.17759562841530055
0.7222222222222222,0.17759562841530055
0.7222222222222222,0.1771117166212534
0.7222222222222222,0.1766304347826087
0.7222222222222222,0.17615176151761516
0.7222222222222222,0.17615176151761516
0.7222222222222222,0.17567567567567569
0.7222222222222222,0.17567567567567569
0.7222222222222222,0.17567567567567569
0.7222222222222222,0.17567567567567569
0.7222222222222222,0.17567567567567569
0.7222222222222222,0.17567567567567569
0.7222222222222222,0.17567567567567569
0.7222222222222222,0.17567567567567569
0.7222222222222222,0.17567567567567569
0.7222222222222222,0.17567567567567569
0.7222222222222222,0.17567567567567569
0.7222222222222222,0.1752021563342318
0.7222222222222222,0.1752021563342318
0.7222222222222222,0.1752021563342318
0.7222222222222222,0.1752021563342318
0.7222222222222222,0.17473118279569894
0.7222222222222222,0.17473118279569894
0.7222222222222222,0.17473118279569894
0.7222222222222222,0.17473118279569894
0.7222222222222222,0.17473118279569894
0.7222222222222222,0.17473118279569894
0.7222222222222222,0.1742627345844504
0.7222222222222222,0.17379679144385027
0.7222222222222222,0.17379679144385027
0.7222222222222222,0.17379679144385027
0.7222222222222222,0.17333333333333334
0.7222222222222222,0.17287234042553193
0.7222222222222222,0.17287234042553193
0.7222222222222222,0.1724137931034483
0.7222222222222222,0.1724137931034483
0.7222222222222222,0.1724137931034483
0.7222222222222222,0.1724137931034483
0.7222222222222222,0.1724137931034483
0.7222222222222222,0.17195767195767195
0.7222222222222222,0.17150395778364116
0.7222222222222222,0.17150395778364116
0.7222222222222222,0.17150395778364116
0.7222222222222222,0.17150395778364116
0.7222222222222222,0.17150395778364116
0.7222222222222222,0.17105263157894737
0.7222222222222222,0.17060367454068243
0.7222222222222222,0.17015706806282724
0.7222222222222222,0.16971279373368145
0.7222222222222222,0.16971279373368145
0.7222222222222222,0.16927083333333334
0.7222222222222222,0.16927083333333334
0.7222222222222222,0.16927083333333334
0.7222222222222222,0.16927083333333334
0.7222222222222222,0.16927083333333334
0.7222222222222222,0.16927083333333334
0.7222222222222222,0.16883116883116883
0.7222222222222222,0.16883116883116883
0.7222222222222222,0.16883116883116883
0.7222222222222222,0.16839378238341968
0.7222222222222222,0.16795865633074936
0.7222222222222222,0.16795865633074936
0.7222222222222222,0.16795865633074936
0.7222222222222222,0.16795865633074936
0.7222222222222222,0.16752577319587628
0.7222222222222222,0.16709511568123395
0.7222222222222222,0.16709511568123395
0.7222222222222222,0.16709511568123395
0.7222222222222222,0.16709511568123395
0.7222222222222222,0.16666666666666666
0.7222222222222222,0.16666666666666666
0.7222222222222222,0.16666666666666666
0.7222222222222222,0.16624040920716113
0.7222222222222222,0.16581632653061223
0.7222222222222222,0.16581632653061223
0.7222222222222222,0.16581632653061223
0.7222222222222222,0.16581632653061223
0.7222222222222222,0.16581632653061223
0.7222222222222222,0.16581632653061223
0.7222222222222222,0.16539440203562342
0.7222222222222222,0.16539440203562342
0.7222222222222222,0.16539440203562342
0.7222222222222222,0.1649746192893401
0.7222222222222222,0.1649746192893401
0.7222222222222222,0.1649746192893401
0.7222222222222222,0.1649746192893401
0.7222222222222222,0.16455696202531644
0.7222222222222222,0.16455696202531644
0.7222222222222222,0.16455696202531644
0.7222222222222222,0.16455696202531644
0.7222222222222222,0.16414141414141414
0.7222222222222222,0.16414141414141414
0.7222222222222222,0.16414141414141414
0.7222222222222222,0.16414141414141414
0.7222222222222222,0.16414141414141414
0.7222222222222222,0.16414141414141414
0.7222222222222222,0.16414141414141414
0.7222222222222222,0.16414141414141414
0.7222222222222222,0.16414141414141414
0.7222222222222222,0.163727959697733
0.7222222222222222,0.163727959697733
0.7222222222222222,0.163727959697733
0.7222222222222222,0.16331658291457288
0.7222222222222222,0.16331658291457288
0.7222222222222222,0.16331658291457288
0.7222222222222222,0.16331658291457288
0.7222222222222222,0.16290726817042606
0.7222222222222222,0.16290726817042606
0.7222222222222222,0.16290726817042606
0.7222222222222222,0.16290726817042606
0.7222222222222222,0.1625
0.7222222222222222,0.1625
0.7222222222222222,0.16209476309226933
0.7222222222222222,0.16169154228855723
0.7222222222222222,0.16169154228855723
0.7222222222222222,0.16169154228855723
0.7222222222222222,0.16169154228855723
0.7222222222222222,0.16169154228855723
0.7222222222222222,0.16169154228855723
0.7222222222222222,0.16129032258064516
0.7222222222222222,0.16129032258064516
0.7222222222222222,0.1608910891089109
0.7222222222222222,0.1608910891089109
0.7222222222222222,0.1608910891089109
0.7222222222222222,0.1608910891089109
0.7222222222222222,0.16049382716049382
0.7222222222222222,0.16009852216748768
0.7222222222222222,0.16009852216748768
0.7222222222222222,0.16009852216748768
0.7222222222222222,0.16009852216748768
0.7222222222222222,0.16009852216748768
0.7222222222222222,0.1597051597051597
0.7222222222222222,0.15931372549019607
0.7222222222222222,0.15931372549019607
0.7222222222222222,0.15892420537897312
0.7222222222222222,0.15892420537897312
0.7222222222222222,0.15853658536585366
0.7222222222222222,0.15853658536585366
0.7222222222222222,0.15815085158150852
0.7222222222222222,0.15815085158150852
0.7222222222222222,0.15815085158150852
0.7222222222222222,0.15815085158150852
0.7222222222222222,0.15815085158150852
0.7222222222222222,0.15815085158150852
0.7222222222222222,0.15776699029126215
0.7222222222222222,0.15776699029126215
0.7222222222222222,0.15738498789346247
0.7222222222222222,0.1570048309178744
0.7222222222222222,0.1566265060240964
0.7222222222222222,0.15625
0.7222222222222222,0.15625
0.7222222222222222,0.15587529976019185
0.7222222222222222,0.15550239234449761
0.7222222222222222,0.15513126491646778
0.7222222222222222,0.15476190476190477
0.7222222222222222,0.15476190476190477
0.7222222222222222,0.15476190476190477
0.7222222222222222,0.1543942992874109
0.7222222222222222,0.1543942992874109
0.7222222222222222,0.1543942992874109
0.7222222222222222,0.1543942992874109
0.7222222222222222,0.1543942992874109
0.7222222222222222,0.1543942992874109
0.7222222222222222,0.1543942992874109
0.7222222222222222,0.1543942992874109
0.7222222222222222,0.1543942992874109
0.7222222222222222,0.15402843601895735
0.7222222222222222,0.15402843601895735
0.7222222222222222,0.15402843601895735
0.7222222222222222,0.15402843601895735
0.7222222222222222,0.1536643026004728
0.7222222222222222,0.1536643026004728
0.7222222222222222,0.15330188679245282
0.7222222222222222,0.15330188679245282
0.7222222222222222,0.15330188679245282
0.7222222222222222,0.15294117647058825
0.7222222222222222,0.15258215962441316
0.7222222222222222,0.15258215962441316
0.7222222222222222,0.1522248243559719
0.7222222222222222,0.15186915887850466
0.7222222222222222,0.15186915887850466
0.7222222222222222,0.15151515151515152
0.7222222222222222,0.15151515151515152
0.7222222222222222,0.15151515151515152
0.7222222222222222,0.15151515151515152
0.7222222222222222,0.15151515151515152
0.7222222222222222,0.15151515151515152
0.7222222222222222,0.1511627906976744
0.7222222222222222,0.1511627906976744
0.7222222222222222,0.1511627906976744
0.7222222222222222,0.1511627906976744
0.7222222222222222,0.1511627906976744
0.7222222222222222,0.1511627906976744
0.7222222222222222,0.1511627906976744
0.7222222222222222,0.1511627906976744
0.7222222222222222,0.1511627906976744
0.7222222222222222,0.1511627906976744
0.7222222222222222,0.1511627906976744
0.7222222222222222,0.15081206496519722
0.7222222222222222,0.15081206496519722
0.7222222222222222,0.15046296296296297
0.7222222222222222,0.15046296296296297
0.7222222222222222,0.15011547344110854
0.7222222222222222,0.15011547344110854
0.7222222222222222,0.15011547344110854
0.7222222222222222,0.15011547344110854
0.7222222222222222,0.1497695852534562
0.7222222222222222,0.14942528735632185
0.7222222222222222,0.14942528735632185
0.7222222222222222,0.14908256880733944
0.7222222222222222,0.14908256880733944
0.7222222222222222,0.14874141876430205
0.7222222222222222,0.14874141876430205
0.7222222222222222,0.14874141876430205
0.7222222222222222,0.14874141876430205
0.7222222222222222,0.14874141876430205
0.7222222222222222,0.14874141876430205
0.7222222222222222,0.14874141876430205
0.7222222222222222,0.14840182648401826
0.7222222222222222,0.14840182648401826
0.7222222222222222,0.1480637813211845
0.7222222222222222,0.1480637813211845
0.7222222222222222,0.1480637813211845
0.7222222222222222,0.14772727272727273
0.7222222222222222,0.14772727272727273
0.7222222222222222,0.14772727272727273
0.7222222222222222,0.14772727272727273
0.7222222222222222,0.14772727272727273
0.7222222222222222,0.14772727272727273
0.7222222222222222,0.14772727272727273
0.7222222222222222,0.14772727272727273
0.7222222222222222,0.14772727272727273
0.7222222222222222,0.14772727272727273
0.7222222222222222,0.14772727272727273
0.7222222222222222,0.1473922902494331
0.7222222222222222,0.14705882352941177
0.7222222222222222,0.14672686230248308
0.7222222222222222,0.14672686230248308
0.7222222222222222,0.14672686230248308
0.7222222222222222,0.14672686230248308
0.7222222222222222,0.14672686230248308
0.7222222222222222,0.14672686230248308
0.7222222222222222,0.14672686230248308
0.7222222222222222,0.14672686230248308
0.7222222222222222,0.1463963963963964
0.7222222222222222,0.1463963963963964
0.7222222222222222,0.1463963963963964
0.7222222222222222,0.1463963963963964
0.7222222222222222,0.1463963963963964
0.7222222222222222,0.1463963963963964
0.7222222222222222,0.1463963963963964
0.7222222222222222,0.1463963963963964
0.7222222222222222,0.1463963963963964
0.7222222222222222,0.1463963963963964
0.7222222222222222,0.1463963963963964
0.7222222222222222,0.14606741573033707
0.7222222222222222,0.14606741573033707
0.7222222222222222,0.14573991031390135
0.7222222222222222,0.14541387024608501
0.7222222222222222,0.14541387024608501
0.7222222222222222,0.14541387024608501
0.7222222222222222,0.14508928571428573
0.7222222222222222,0.14508928571428573
0.7222222222222222,0.1447661469933185
0.7222222222222222,0.1447661469933185
0.7222222222222222,0.1447661469933185
0.7222222222222222,0.1447661469933185
0.7222222222222222,0.1447661469933185
0.7222222222222222,0.1447661469933185
0.7222222222222222,0.1447661469933185
0.7222222222222222,0.14444444444444443
0.7222222222222222,0.14444444444444443
0.7222222222222222,0.14444444444444443
0.7222222222222222,0.14412416851441243
0.7222222222222222,0.14412416851441243
0.7222222222222222,0.14412416851441243
0.7222222222222222,0.14380530973451328
0.7222222222222222,0.14380530973451328
0.7222222222222222,0.14380530973451328
0.7222222222222222,0.14380530973451328
0.7222222222222222,0.1434878587196468
0.7222222222222222,0.14317180616740088
0.7222222222222222,0.14317180616740088
0.7222222222222222,0.14317180616740088
0.7222222222222222,0.14317180616740088
0.7222222222222222,0.14317180616740088
0.7222222222222222,0.14285714285714285
0.7222222222222222,0.14285714285714285
0.7222222222222222,0.14285714285714285
0.7222222222222222,0.14285714285714285
0.7222222222222222,0.14285714285714285
0.7222222222222222,0.1425438596491228
0.7222222222222222,0.1425438596491228
0.7222222222222222,0.1425438596491228
0.7222222222222222,0.1425438596491228
0.7222222222222222,0.1425438596491228
0.7222222222222222,0.1425438596491228
0.7222222222222222,0.1425438596491228
0.7222222222222222,0.1425438596491228
0.7222222222222222,0.1425438596491228
0.7222222222222222,0.1425438596491228
0.7222222222222222,0.1425438596491228
0.7222222222222222,0.1425438596491228
0.7222222222222222,0.1425438596491228
0.7222222222222222,0.1425438596491228
0.7222222222222222,0.1425438596491228
0.7222222222222222,0.1422319474835886
0.7222222222222222,0.14192139737991266
0.7222222222222222,0.14192139737991266
0.7222222222222222,0.14192139737991266
0.7222222222222222,0.14161220043572983
0.7222222222222222,0.14161220043572983
0.7222222222222222,0.14161220043572983
0.7222222222222222,0.14161220043572983
0.7222222222222222,0.14130434782608695
0.7222222222222222,0.14099783080260303
0.7222222222222222,0.1406926406926407
0.7222222222222222,0.14038876889848811
0.7222222222222222,0.14038876889848811
0.7222222222222222,0.14038876889848811
0.7222222222222222,0.1400862068965517
0.7222222222222222,0.1400862068965517
0.7222222222222222,0.1400862068965517
0.7222222222222222,0.1400862068965517
0.7222222222222222,0.1400862068965517
0.7222222222222222,0.13978494623655913
0.7222222222222222,0.13978494623655913
0.7222222222222222,0.13978494623655913
0.7222222222222222,0.13978494623655913
0.7222222222222222,0.13978494623655913
0.7222222222222222,0.13948497854077252
