0.0,1.0
0.0,1.0
0.0,1.0
0.0,1.0
0.0,1.0
0.0,1.0
0.008620689655172414,1.0
0.008620689655172414,1.0
0.008620689655172414,1.0
0.008620689655172414,1.0
0.008620689655172414,1.0
0.008620689655172414,1.0
0.017241379310344827,1.0
0.02586206896551724,1.0
0.02586206896551724,1.0
0.02586206896551724,1.0
0.02586206896551724,1.0
0.02586206896551724,1.0
0.034482758620689655,1.0
0.034482758620689655,1.0
0.034482758620689655,1.0
0.034482758620689655,1.0
0.034482758620689655,1.0
0.034482758620689655,1.0
0.034482758620689655,0.8
0.034482758620689655,0.8
0.034482758620689655,0.8
0.034482758620689655,0.8
0.034482758620689655,0.8
0.04310344827586207,0.8333333333333334
0.04310344827586207,0.8333333333333334
0.04310344827586207,0.8333333333333334
0.04310344827586207,0.8333333333333334
0.04310344827586207,0.8333333333333334
0.04310344827586207,0.8333333333333334
0.04310344827586207,0.8333333333333334
0.04310344827586207,0.8333333333333334
0.04310344827586207,0.8333333333333334
0.04310344827586207,0.8333333333333334
0.04310344827586207,0.8333333333333334
0.04310344827586207,0.7142857142857143
0.04310344827586207,0.625
0.04310344827586207,0.5555555555555556
0.04310344827586207,0.5
0.05172413793103448,0.5454545454545454
0.05172413793103448,0.5454545454545454
0.05172413793103448,0.5454545454545454
0.05172413793103448,0.5454545454545454
0.05172413793103448,0.5454545454545454
0.05172413793103448,0.5454545454545454
0.0603448275862069,0.5833333333333334
0.0603448275862069,0.5833333333333334
0.0603448275862069,0.5833333333333334
0.0603448275862069,0.5833333333333334
0.0603448275862069,0.5833333333333334
0.0603448275862069,0.5833333333333334
0.0603448275862069,0.5833333333333334
0.0603448275862069,0.5833333333333334
0.0603448275862069,0.5833333333333334
0.0603448275862069,0.5833333333333334
0.0603448275862069,0.5833333333333334
0.06896551724137931,0.6153846153846154
0.06896551724137931,0.6153846153846154
0.06896551724137931,0.6153846153846154
0.07758620689655173,0.6428571428571429
0.07758620689655173,0.6428571428571429
0.07758620689655173,0.6428571428571429
0.07758620689655173,0.6428571428571429
0.07758620689655173,0.6428571428571429
0.07758620689655173,0.6428571428571429
0.08620689655172414,0.6666666666666666
0.08620689655172414,0.6666666666666666
0.08620689655172414,0.6666666666666666
0.08620689655172414,0.6666666666666666
0.08620689655172414,0.6666666666666666
0.09482758620689655,0.6875
0.09482758620689655,0.6875
0.09482758620689655,0.6875
0.09482758620689655,0.6875
0.09482758620689655,0.6875
0.09482758620689655,0.6875
0.09482758620689655,0.6875
0.10344827586206896,0.7058823529411765
0.10344827586206896,0.7058823529411765
0.10344827586206896,0.6666666666666666
0.10344827586206896,0.6666666666666666
0.10344827586206896,0.631578947368421
0.10344827586206896,0.6
0.10344827586206896,0.6
0.10344827586206896,0.6
0.10344827586206896,0.6
0.10344827586206896,0.6
0.10344827586206896,0.6
0.11206896551724138,0.6190476190476191
0.11206896551724138,0.6190476190476191
0.11206896551724138,0.6190476190476191
0.11206896551724138,0.5909090909090909
0.11206896551724138,0.5652173913043478
0.1206896551724138,0.5833333333333334
0.1206896551724138,0.5833333333333334
0.1206896551724138,0.5833333333333334
0.1206896551724138,0.5833333333333334
0.1206896551724138,0.5833333333333334
0.1206896551724138,0.5833333333333334
0.1206896551724138,0.56
0.1206896551724138,0.56
0.1206896551724138,0.5384615384615384
0.1206896551724138,0.5384615384615384
0.1206896551724138,0.5384615384615384
0.1206896551724138,0.5384615384615384
0.1206896551724138,0.5384615384615384
0.1206896551724138,0.5384615384615384
0.12931034482758622,0.5555555555555556
0.12931034482758622,0.5555555555555556
0.12931034482758622,0.5357142857142857
0.12931034482758622,0.5357142857142857
0.12931034482758622,0.5172413793103449
0.12931034482758622,0.5172413793103449
0.12931034482758622,0.5172413793103449
0.13793103448275862,0.5333333333333333
0.13793103448275862,0.5333333333333333
0.13793103448275862,0.5333333333333333
0.13793103448275862,0.5161290322580645
0.13793103448275862,0.5161290322580645
0.13793103448275862,0.5161290322580645
0.14655172413793102,0.53125
0.14655172413793102,0.53125
0.14655172413793102,0.53125
0.14655172413793102,0.53125
0.14655172413793102,0.53125
0.15517241379310345,0.5454545454545454
0.15517241379310345,0.5294117647058824
0.16379310344827586,0.5428571428571428
0.16379310344827586,0.5428571428571428
0.16379310344827586,0.5277777777777778
0.16379310344827586,0.5277777777777778
0.16379310344827586,0.5135135135135135
0.16379310344827586,0.5135135135135135
0.16379310344827586,0.5135135135135135
0.16379310344827586,0.5
0.16379310344827586,0.5
0.16379310344827586,0.5
0.16379310344827586,0.5
0.16379310344827586,0.5
0.16379310344827586,0.5
0.16379310344827586,0.5
0.16379310344827586,0.5
0.16379310344827586,0.5
0.16379310344827586,0.48717948717948717
0.1724137931034483,0.5
0.1810344827586207,0.5121951219512195
0.1810344827586207,0.5121951219512195
0.1810344827586207,0.5121951219512195
0.1810344827586207,0.5121951219512195
0.1810344827586207,0.5
0.1896551724137931,0.5116279069767442
0.1896551724137931,0.5116279069767442
0.1896551724137931,0.5
0.1896551724137931,0.5
0.1896551724137931,0.4888888888888889
0.1896551724137931,0.4888888888888889
0.1896551724137931,0.4888888888888889
0.1896551724137931,0.4888888888888889
0.1896551724137931,0.4888888888888889
0.1896551724137931,0.4888888888888889
0.1896551724137931,0.4888888888888889
0.1896551724137931,0.4782608695652174
0.1896551724137931,0.46808510638297873
0.1896551724137931,0.46808510638297873
0.1896551724137931,0.46808510638297873
0.1896551724137931,0.46808510638297873
0.1896551724137931,0.46808510638297873
0.1896551724137931,0.4583333333333333
0.1896551724137931,0.4583333333333333
0.1896551724137931,0.4583333333333333
0.19827586206896552,0.46938775510204084
0.19827586206896552,0.46938775510204084
0.19827586206896552,0.46
0.19827586206896552,0.46
0.19827586206896552,0.46
0.19827586206896552,0.46
0.19827586206896552,0.46
0.20689655172413793,0.47058823529411764
0.20689655172413793,0.47058823529411764
0.20689655172413793,0.47058823529411764
0.20689655172413793,0.47058823529411764
0.20689655172413793,0.47058823529411764
0.20689655172413793,0.47058823529411764
0.20689655172413793,0.47058823529411764
0.20689655172413793,0.47058823529411764
0.20689655172413793,0.47058823529411764
0.20689655172413793,0.47058823529411764
0.21551724137931033,0.4807692307692308
0.21551724137931033,0.4807692307692308
0.21551724137931033,0.4807692307692308
0.21551724137931033,0.4807692307692308
0.21551724137931033,0.4807692307692308
0.21551724137931033,0.4807692307692308
0.21551724137931033,0.4807692307692308
0.21551724137931033,0.4807692307692308
0.21551724137931033,0.4807692307692308
0.21551724137931033,0.4807692307692308
0.21551724137931033,0.4716981132075472
0.21551724137931033,0.4716981132075472
0.21551724137931033,0.4716981132075472
0.22413793103448276,0.48148148148148145
0.23275862068965517,0.4909090909090909
0.23275862068965517,0.4909090909090909
0.23275862068965517,0.4909090909090909
0.23275862068965517,0.4909090909090909
0.23275862068965517,0.4909090909090909
0.23275862068965517,0.4909090909090909
0.23275862068965517,0.4909090909090909
0.23275862068965517,0.4909090909090909
0.23275862068965517,0.48214285714285715
0.23275862068965517,0.47368421052631576
0.23275862068965517,0.47368421052631576
0.23275862068965517,0.47368421052631576
0.23275862068965517,0.47368421052631576
0.23275862068965517,0.47368421052631576
0.23275862068965517,0.47368421052631576
0.23275862068965517,0.46551724137931033
0.23275862068965517,0.46551724137931033
0.23275862068965517,0.4576271186440678
0.23275862068965517,0.4576271186440678
0.2413793103448276,0.4666666666666667
0.2413793103448276,0.4666666666666667
0.2413793103448276,0.4666666666666667
0.2413793103448276,0.4666666666666667
0.2413793103448276,0.4666666666666667
0.2413793103448276,0.4666666666666667
0.2413793103448276,0.4666666666666667
0.2413793103448276,0.4666666666666667
0.25,0.47540983606557374
0.25,0.46774193548387094
0.25,0.46774193548387094
0.25862068965517243,0.47619047619047616
0.25862068965517243,0.46875
0.25862068965517243,0.46875
0.25862068965517243,0.46875
0.25862068965517243,0.46875
0.25862068965517243,0.46153846153846156
0.25862068965517243,0.46153846153846156
0.25862068965517243,0.46153846153846156
0.25862068965517243,0.46153846153846156
0.25862068965517243,0.45454545454545453
0.25862068965517243,0.45454545454545453
0.25862068965517243,0.45454545454545453
0.25862068965517243,0.45454545454545453
0.25862068965517243,0.44776119402985076
0.25862068965517243,0.44776119402985076
0.25862068965517243,0.44776119402985076
0.25862068965517243,0.4411764705882353
0.25862068965517243,0.43478260869565216
0.25862068965517243,0.43478260869565216
0.25862068965517243,0.43478260869565216
0.25862068965517243,0.43478260869565216
0.25862068965517243,0.43478260869565216
0.25862068965517243,0.43478260869565216
0.25862068965517243,0.43478260869565216
0.25862068965517243,0.43478260869565216
0.25862068965517243,0.43478260869565216
0.25862068965517243,0.43478260869565216
0.25862068965517243,0.43478260869565216
0.25862068965517243,0.43478260869565216
0.25862068965517243,0.43478260869565216
0.25862068965517243,0.43478260869565216
0.25862068965517243,0.43478260869565216
0.25862068965517243,0.43478260869565216
0.25862068965517243,0.43478260869565216
0.25862068965517243,0.43478260869565216
0.25862068965517243,0.42857142857142855
0.25862068965517243,0.42857142857142855
0.25862068965517243,0.42857142857142855
0.25862068965517243,0.42857142857142855
0.25862068965517243,0.42857142857142855
0.25862068965517243,0.42857142857142855
0.25862068965517243,0.4225352112676056
0.25862068965517243,0.4225352112676056
0.25862068965517243,0.4225352112676056
0.25862068965517243,0.4225352112676056
0.25862068965517243,0.4225352112676056
0.25862068965517243,0.4225352112676056
0.25862068965517243,0.4225352112676056
0.25862068965517243,0.4166666666666667
0.25862068965517243,0.4166666666666667
0.25862068965517243,0.4166666666666667
0.25862068965517243,0.4166666666666667
0.25862068965517243,0.4166666666666667
0.25862068965517243,0.410958904109589
0.25862068965517243,0.410958904109589
0.25862068965517243,0.410958904109589
0.25862068965517243,0.410958904109589
0.25862068965517243,0.40540540540540543
0.25862068965517243,0.40540540540540543
0.25862068965517243,0.40540540540540543
0.25862068965517243,0.40540540540540543
0.25862068965517243,0.40540540540540543
0.2672413793103448,0.41333333333333333
0.2672413793103448,0.41333333333333333
0.2672413793103448,0.41333333333333333
0.2672413793103448,0.41333333333333333
0.2672413793103448,0.41333333333333333
0.2672413793103448,0.41333333333333333
0.2672413793103448,0.41333333333333333
0.2672413793103448,0.40789473684210525
0.2672413793103448,0.40789473684210525
0.2672413793103448,0.40789473684210525
0.2672413793103448,0.40789473684210525
0.2672413793103448,0.40789473684210525
0.2672413793103448,0.40789473684210525
0.2672413793103448,0.40789473684210525
0.2672413793103448,0.4025974025974026
0.2672413793103448,0.4025974025974026
0.2672413793103448,0.4025974025974026
0.2672413793103448,0.3974358974358974
0.2672413793103448,0.3974358974358974
0.2672413793103448,0.3974358974358974
0.2672413793103448,0.3924050632911392
0.2672413793103448,0.3924050632911392
0.2672413793103448,0.3924050632911392
0.27586206896551724,0.4
0.27586206896551724,0.3950617283950617
0.27586206896551724,0.3950617283950617
0.28448275862068967,0.4024390243902439
0.28448275862068967,0.4024390243902439
0.28448275862068967,0.4024390243902439
0.28448275862068967,0.4024390243902439
0.28448275862068967,0.39759036144578314
0.28448275862068967,0.39759036144578314
0.28448275862068967,0.39759036144578314
0.28448275862068967,0.39285714285714285
0.28448275862068967,0.38823529411764707
0.28448275862068967,0.38823529411764707
0.28448275862068967,0.38823529411764707
0.28448275862068967,0.38372093023255816
0.28448275862068967,0.3793103448275862
0.28448275862068967,0.375
0.28448275862068967,0.3707865168539326
0.28448275862068967,0.3707865168539326
0.28448275862068967,0.3707865168539326
0.28448275862068967,0.3707865168539326
0.29310344827586204,0.37777777777777777
0.3017241379310345,0.38461538461538464
0.3017241379310345,0.38461538461538464
0.3017241379310345,0.38461538461538464
0.3017241379310345,0.38461538461538464
0.3017241379310345,0.3804347826086957
0.3017241379310345,0.3804347826086957
0.3017241379310345,0.3804347826086957
0.3017241379310345,0.3763440860215054
0.3017241379310345,0.3763440860215054
0.3017241379310345,0.3763440860215054
0.3017241379310345,0.3763440860215054
0.3017241379310345,0.3763440860215054
0.3017241379310345,0.3723404255319149
0.3017241379310345,0.3684210526315789
0.3017241379310345,0.3684210526315789
0.3017241379310345,0.3684210526315789
0.3017241379310345,0.3684210526315789
0.3017241379310345,0.3684210526315789
0.3017241379310345,0.3684210526315789
0.3017241379310345,0.3684210526315789
0.3017241379310345,0.3684210526315789
0.3017241379310345,0.3684210526315789
0.3017241379310345,0.3684210526315789
0.3017241379310345,0.3645833333333333
0.3017241379310345,0.36082474226804123
0.3017241379310345,0.36082474226804123
0.3017241379310345,0.36082474226804123
0.3017241379310345,0.36082474226804123
0.3017241379310345,0.36082474226804123
0.3017241379310345,0.35714285714285715
0.3017241379310345,0.35714285714285715
0.3017241379310345,0.35714285714285715
0.3017241379310345,0.35353535353535354
0.3017241379310345,0.35
0.3017241379310345,0.35
0.3017241379310345,0.35
0.3103448275862069,0.3564356435643564
0.3103448275862069,0.35294117647058826
0.3103448275862069,0.34951456310679613
0.3103448275862069,0.34951456310679613
0.3103448275862069,0.34951456310679613
0.3103448275862069,0.34951456310679613
0.3103448275862069,0.34951456310679613
0.3103448275862069,0.34615384615384615
0.3103448275862069,0.34615384615384615
0.3103448275862069,0.34615384615384615
0.3103448275862069,0.34615384615384615
0.3103448275862069,0.34285714285714286
0.3103448275862069,0.34285714285714286
0.3103448275862069,0.34285714285714286
0.3103448275862069,0.34285714285714286
0.3103448275862069,0.33962264150943394
0.3103448275862069,0.3364485981308411
0.3103448275862069,0.3364485981308411
0.3103448275862069,0.3364485981308411
0.3103448275862069,0.3364485981308411
0.3103448275862069,0.3364485981308411
0.3103448275862069,0.3333333333333333
0.3103448275862069,0.3333333333333333
0.3103448275862069,0.3333333333333333
0.3103448275862069,0.3333333333333333
0.3103448275862069,0.3302752293577982
0.3103448275862069,0.3302752293577982
0.3103448275862069,0.3302752293577982
0.3103448275862069,0.3302752293577982
0.3103448275862069,0.3302752293577982
0.3103448275862069,0.3302752293577982
0.3103448275862069,0.3302752293577982
0.3103448275862069,0.3302752293577982
0.31896551724137934,0.33636363636363636
0.31896551724137934,0.3333333333333333
0.31896551724137934,0.3333333333333333
0.31896551724137934,0.33035714285714285
0.31896551724137934,0.33035714285714285
0.31896551724137934,0.3274336283185841
0.31896551724137934,0.32456140350877194
0.31896551724137934,0.32456140350877194
0.31896551724137934,0.3217391304347826
0.31896551724137934,0.3217391304347826
0.31896551724137934,0.3217391304347826
0.31896551724137934,0.3217391304347826
0.31896551724137934,0.31896551724137934
0.31896551724137934,0.31896551724137934
0.31896551724137934,0.31896551724137934
0.31896551724137934,0.31896551724137934
0.31896551724137934,0.3162393162393162
0.31896551724137934,0.3162393162393162
0.31896551724137934,0.3135593220338983
0.31896551724137934,0.3135593220338983
0.31896551724137934,0.3135593220338983
0.31896551724137934,0.31092436974789917
0.31896551724137934,0.31092436974789917
0.31896551724137934,0.31092436974789917
0.31896551724137934,0.31092436974789917
0.31896551724137934,0.31092436974789917
0.31896551724137934,0.31092436974789917
0.31896551724137934,0.31092436974789917
0.31896551724137934,0.31092436974789917
0.31896551724137934,0.31092436974789917
0.31896551724137934,0.30833333333333335
0.31896551724137934,0.30578512396694213
0.3275862068965517,0.3114754098360656
0.3275862068965517,0.3089430894308943
0.3275862068965517,0.3064516129032258
0.3275862068965517,0.3064516129032258
0.3275862068965517,0.304
0.3275862068965517,0.304
0.3275862068965517,0.304
0.3275862068965517,0.30158730158730157
0.3275862068965517,0.2992125984251969
0.3275862068965517,0.2992125984251969
0.3275862068965517,0.2992125984251969
0.3275862068965517,0.2992125984251969
0.3275862068965517,0.2992125984251969
0.3275862068965517,0.2992125984251969
0.3275862068965517,0.2992125984251969
0.3275862068965517,0.2992125984251969
0.3275862068965517,0.296875
0.3275862068965517,0.296875
0.3275862068965517,0.296875
0.3275862068965517,0.296875
0.3275862068965517,0.296875
0.3275862068965517,0.29457364341085274
0.3275862068965517,0.29457364341085274
0.3275862068965517,0.29457364341085274
0.3275862068965517,0.29457364341085274
0.3275862068965517,0.2923076923076923
0.3275862068965517,0.2923076923076923
0.3275862068965517,0.2923076923076923
0.3275862068965517,0.2923076923076923
0.3275862068965517,0.2923076923076923
0.3275862068965517,0.2923076923076923
0.3275862068965517,0.2923076923076923
0.3275862068965517,0.2923076923076923
0.3275862068965517,0.2900763358778626
0.3275862068965517,0.2900763358778626
0.3275862068965517,0.2900763358778626
0.3275862068965517,0.2878787878787879
0.3275862068965517,0.2857142857142857
0.3275862068965517,0.2857142857142857
0.3275862068965517,0.2857142857142857
0.3275862068965517,0.2857142857142857
0.3275862068965517,0.2857142857142857
0.3275862068965517,0.2835820895522388
0.3275862068965517,0.2835820895522388
0.3275862068965517,0.2835820895522388
0.3275862068965517,0.2814814814814815
0.3275862068965517,0.2814814814814815
0.3275862068965517,0.27941176470588236
0.3275862068965517,0.27941176470588236
0.3275862068965517,0.27941176470588236
0.3275862068965517,0.2773722627737226
0.3275862068965517,0.2773722627737226
0.3275862068965517,0.2773722627737226
0.3275862068965517,0.2753623188405797
0.3275862068965517,0.2733812949640288
0.3275862068965517,0.2733812949640288
0.3275862068965517,0.2714285714285714
0.3275862068965517,0.2714285714285714
0.3275862068965517,0.2695035460992908
0.3275862068965517,0.2695035460992908
0.3275862068965517,0.2676056338028169
0.33620689655172414,0.2727272727272727
0.33620689655172414,0.2727272727272727
0.33620689655172414,0.2727272727272727
0.33620689655172414,0.2727272727272727
0.33620689655172414,0.2708333333333333
0.33620689655172414,0.2708333333333333
0.33620689655172414,0.2708333333333333
0.33620689655172414,0.2708333333333333
0.33620689655172414,0.2708333333333333
0.33620689655172414,0.2708333333333333
0.3448275862068966,0.27586206896551724
0.3448275862068966,0.27586206896551724
0.3448275862068966,0.27586206896551724
0.3448275862068966,0.27586206896551724
0.3448275862068966,0.27586206896551724
0.3448275862068966,0.27586206896551724
0.3448275862068966,0.27586206896551724
0.3448275862068966,0.273972602739726
0.3448275862068966,0.273972602739726
0.3448275862068966,0.273972602739726
0.3448275862068966,0.272108843537415
0.3448275862068966,0.272108843537415
0.3448275862068966,0.272108843537415
0.3448275862068966,0.272108843537415
0.3448275862068966,0.2702702702702703
0.3448275862068966,0.2702702702702703
0.3448275862068966,0.2702702702702703
0.3448275862068966,0.2702702702702703
0.3448275862068966,0.2702702702702703
0.3448275862068966,0.2702702702702703
0.3448275862068966,0.2702702702702703
0.3448275862068966,0.2702702702702703
0.3448275862068966,0.2684563758389262
0.3448275862068966,0.2684563758389262
0.3448275862068966,0.2684563758389262
0.3448275862068966,0.2684563758389262
0.3448275862068966,0.26666666666666666
0.3448275862068966,0.26666666666666666
0.3448275862068966,0.26666666666666666
0.3448275862068966,0.26666666666666666
0.3448275862068966,0.26666666666666666
0.3448275862068966,0.26666666666666666
0.3448275862068966,0.26666666666666666
0.3448275862068966,0.26666666666666666
0.35344827586206895,0.271523178807947
0.35344827586206895,0.271523178807947
0.35344827586206895,0.271523178807947
0.35344827586206895,0.271523178807947
0.35344827586206895,0.26973684210526316
0.35344827586206895,0.26973684210526316
0.35344827586206895,0.2679738562091503
0.35344827586206895,0.2679738562091503
0.35344827586206895,0.2679738562091503
0.35344827586206895,0.2679738562091503
0.35344827586206895,0.2679738562091503
0.35344827586206895,0.2679738562091503
0.35344827586206895,0.2662337662337662
0.35344827586206895,0.2662337662337662
0.35344827586206895,0.2662337662337662
0.35344827586206895,0.2645161290322581
0.35344827586206895,0.2645161290322581
0.35344827586206895,0.26282051282051283
0.3620689655172414,0.267515923566879
0.3620689655172414,0.26582278481012656
0.3620689655172414,0.26582278481012656
0.3620689655172414,0.2641509433962264
0.3620689655172414,0.2641509433962264
0.3620689655172414,0.2641509433962264
0.3620689655172414,0.2641509433962264
0.3620689655172414,0.2641509433962264
0.3620689655172414,0.2641509433962264
0.3620689655172414,0.2641509433962264
0.3620689655172414,0.2641509433962264
0.3620689655172414,0.2641509433962264
0.3620689655172414,0.2625
0.3620689655172414,0.2625
0.3620689655172414,0.2625
0.3620689655172414,0.2625
0.3620689655172414,0.2608695652173913
0.3620689655172414,0.2608695652173913
0.3620689655172414,0.25925925925925924
0.3620689655172414,0.25766871165644173
0.3620689655172414,0.25609756097560976
0.3620689655172414,0.25609756097560976
0.3620689655172414,0.25609756097560976
0.3620689655172414,0.2545454545454545
0.3620689655172414,0.25301204819277107
0.3620689655172414,0.25301204819277107
0.3620689655172414,0.25301204819277107
0.3620689655172414,0.25301204819277107
0.3620689655172414,0.25301204819277107
0.3620689655172414,0.25301204819277107
0.3620689655172414,0.25301204819277107
0.3620689655172414,0.25301204819277107
0.3620689655172414,0.25301204819277107
0.3620689655172414,0.25149700598802394
0.3620689655172414,0.25
0.3620689655172414,0.25
0.3706896551724138,0.25443786982248523
0.3706896551724138,0.25443786982248523
0.3793103448275862,0.25882352941176473
0.3793103448275862,0.25882352941176473
0.3793103448275862,0.25882352941176473
0.3793103448275862,0.2573099415204678
0.3793103448275862,0.2573099415204678
0.3793103448275862,0.2573099415204678
0.3793103448275862,0.2573099415204678
0.3793103448275862,0.2573099415204678
0.3793103448275862,0.2573099415204678
0.3793103448275862,0.2558139534883721
0.3793103448275862,0.2558139534883721
0.3793103448275862,0.2558139534883721
0.3793103448275862,0.2558139534883721
0.3793103448275862,0.2558139534883721
0.3793103448275862,0.2558139534883721
0.3793103448275862,0.2558139534883721
0.3793103448275862,0.2558139534883721
0.3793103448275862,0.2558139534883721
0.3793103448275862,0.2558139534883721
0.3793103448275862,0.2558139534883721
0.3793103448275862,0.2543352601156069
0.3793103448275862,0.2543352601156069
0.3793103448275862,0.25287356321839083
0.3879310344827586,0.2571428571428571
0.3879310344827586,0.2571428571428571
0.3879310344827586,0.2571428571428571
0.3879310344827586,0.2571428571428571
0.3879310344827586,0.2571428571428571
0.3879310344827586,0.2556818181818182
0.3879310344827586,0.2556818181818182
0.3879310344827586,0.2556818181818182
0.3879310344827586,0.2542372881355932
0.3879310344827586,0.25280898876404495
0.3879310344827586,0.25280898876404495
0.3879310344827586,0.25280898876404495
0.3879310344827586,0.25280898876404495
0.3879310344827586,0.25280898876404495
0.3879310344827586,0.25280898876404495
0.3879310344827586,0.25280898876404495
0.3879310344827586,0.25280898876404495
0.3879310344827586,0.25280898876404495
0.3879310344827586,0.25280898876404495
0.3879310344827586,0.25280898876404495
0.3879310344827586,0.25280898876404495
0.3879310344827586,0.25280898876404495
0.3879310344827586,0.25280898876404495
0.3879310344827586,0.25139664804469275
0.3879310344827586,0.25139664804469275
0.3879310344827586,0.25139664804469275
0.3879310344827586,0.25
0.39655172413793105,0.2541436464088398
0.39655172413793105,0.25274725274725274
0.39655172413793105,0.25274725274725274
0.39655172413793105,0.25274725274725274
0.39655172413793105,0.25136612021857924
0.39655172413793105,0.25136612021857924
0.39655172413793105,0.25
0.39655172413793105,0.25
0.39655172413793105,0.24864864864864866
0.39655172413793105,0.24864864864864866
0.39655172413793105,0.24864864864864866
0.39655172413793105,0.24731182795698925
0.39655172413793105,0.24731182795698925
0.39655172413793105,0.24598930481283424
0.39655172413793105,0.24598930481283424
0.39655172413793105,0.24598930481283424
0.39655172413793105,0.24468085106382978
0.39655172413793105,0.24468085106382978
0.4051724137931034,0.24867724867724866
0.4051724137931034,0.24867724867724866
0.4051724137931034,0.24867724867724866
0.4051724137931034,0.24867724867724866
0.4051724137931034,0.24867724867724866
0.4051724137931034,0.24867724867724866
0.4051724137931034,0.24867724867724866
0.4051724137931034,0.24867724867724866
0.4051724137931034,0.24867724867724866
0.4051724137931034,0.24867724867724866
0.4051724137931034,0.24867724867724866
0.4051724137931034,0.24867724867724866
0.4051724137931034,0.24867724867724866
0.4051724137931034,0.24867724867724866
0.41379310344827586,0.25263157894736843
0.41379310344827586,0.25263157894736843
0.41379310344827586,0.25263157894736843
0.41379310344827586,0.25263157894736843
0.41379310344827586,0.25263157894736843
0.41379310344827586,0.25263157894736843
0.41379310344827586,0.25263157894736843
0.41379310344827586,0.25263157894736843
0.41379310344827586,0.25263157894736843
0.41379310344827586,0.25263157894736843
0.41379310344827586,0.2513089005235602
0.41379310344827586,0.25
0.41379310344827586,0.25
0.41379310344827586,0.25
0.41379310344827586,0.25
0.41379310344827586,0.25
0.41379310344827586,0.24870466321243523
0.41379310344827586,0.24870466321243523
0.41379310344827586,0.24870466321243523
0.41379310344827586,0.24742268041237114
0.41379310344827586,0.24615384615384617
0.41379310344827586,0.24615384615384617
0.41379310344827586,0.24615384615384617
0.41379310344827586,0.24615384615384617
0.41379310344827586,0.24615384615384617
0.41379310344827586,0.24615384615384617
0.41379310344827586,0.24615384615384617
0.41379310344827586,0.24615384615384617
0.41379310344827586,0.24615384615384617
0.41379310344827586,0.24615384615384617
0.4224137931034483,0.25
0.4224137931034483,0.25
0.4224137931034483,0.25
0.4224137931034483,0.25
0.4224137931034483,0.25
0.4224137931034483,0.24873096446700507
0.4224137931034483,0.24873096446700507
0.4224137931034483,0.2474747474747475
0.4224137931034483,0.2474747474747475
0.4224137931034483,0.24623115577889448
0.4224137931034483,0.24623115577889448
0.4224137931034483,0.245
0.4224137931034483,0.245
0.4224137931034483,0.24378109452736318
0.4224137931034483,0.24378109452736318
0.4224137931034483,0.24378109452736318
0.4224137931034483,0.24378109452736318
0.4224137931034483,0.24378109452736318
0.4224137931034483,0.24378109452736318
0.4224137931034483,0.24257425742574257
0.4224137931034483,0.24257425742574257
0.4224137931034483,0.24257425742574257
0.4224137931034483,0.2413793103448276
0.4224137931034483,0.24019607843137256
0.4224137931034483,0.24019607843137256
0.4224137931034483,0.24019607843137256
0.4224137931034483,0.24019607843137256
0.4224137931034483,0.24019607843137256
0.4224137931034483,0.24019607843137256
0.4224137931034483,0.24019607843137256
0.4224137931034483,0.24019607843137256
0.4224137931034483,0.23902439024390243
0.4224137931034483,0.23902439024390243
0.4224137931034483,0.23902439024390243
0.4224137931034483,0.23902439024390243
0.4224137931034483,0.23902439024390243
0.4224137931034483,0.23902439024390243
0.4224137931034483,0.23902439024390243
0.4224137931034483,0.23902439024390243
0.4224137931034483,0.23902439024390243
0.4224137931034483,0.23786407766990292
0.4224137931034483,0.23786407766990292
0.4224137931034483,0.23786407766990292
0.4224137931034483,0.23786407766990292
0.4224137931034483,0.23786407766990292
0.4224137931034483,0.23786407766990292
0.4224137931034483,0.23786407766990292
0.4224137931034483,0.23786407766990292
0.4224137931034483,0.23786407766990292
0.4224137931034483,0.23786407766990292
0.4224137931034483,0.23786407766990292
0.4224137931034483,0.23786407766990292
0.4224137931034483,0.23671497584541062
0.4224137931034483,0.23671497584541062
0.4224137931034483,0.23671497584541062
0.4224137931034483,0.23671497584541062
0.4224137931034483,0.23671497584541062
0.4224137931034483,0.23671497584541062
0.4224137931034483,0.23671497584541062
0.4224137931034483,0.23671497584541062
0.4224137931034483,0.23671497584541062
0.4224137931034483,0.23671497584541062
0.4224137931034483,0.23671497584541062
0.4224137931034483,0.23671497584541062
0.4224137931034483,0.23671497584541062
0.4224137931034483,0.23557692307692307
0.4224137931034483,0.23557692307692307
0.4224137931034483,0.23557692307692307
0.4224137931034483,0.23557692307692307
0.4224137931034483,0.23557692307692307
0.4224137931034483,0.23444976076555024
0.4224137931034483,0.23444976076555024
0.4224137931034483,0.23444976076555024
0.4224137931034483,0.23444976076555024
0.4224137931034483,0.23333333333333334
0.4224137931034483,0.23333333333333334
0.4224137931034483,0.23222748815165878
0.4224137931034483,0.23222748815165878
0.4224137931034483,0.23222748815165878
0.4224137931034483,0.23222748815165878
0.4224137931034483,0.23222748815165878
0.4224137931034483,0.23222748815165878
0.4224137931034483,0.23222748815165878
0.4224137931034483,0.23222748815165878
0.4224137931034483,0.23222748815165878
0.4224137931034483,0.23222748815165878
0.4224137931034483,0.23222748815165878
0.4224137931034483,0.23222748815165878
0.4224137931034483,0.23222748815165878
0.4224137931034483,0.23113207547169812
0.4224137931034483,0.23113207547169812
0.4224137931034483,0.23113207547169812
0.4224137931034483,0.23113207547169812
0.4224137931034483,0.23113207547169812
0.4224137931034483,0.23113207547169812
0.4224137931034483,0.23113207547169812
0.4224137931034483,0.23113207547169812
0.4224137931034483,0.23113207547169812
0.4224137931034483,0.23113207547169812
0.4224137931034483,0.23113207547169812
0.4224137931034483,0.23113207547169812
0.4224137931034483,0.23113207547169812
0.4224137931034483,0.23113207547169812
0.4224137931034483,0.23113207547169812
0.4224137931034483,0.23113207547169812
0.4224137931034483,0.23113207547169812
0.4224137931034483,0.23113207547169812
0.4224137931034483,0.23113207547169812
0.4224137931034483,0.23113207547169812
0.4224137931034483,0.23113207547169812
0.4224137931034483,0.23113207547169812
0.4224137931034483,0.23113207547169812
0.4224137931034483,0.23113207547169812
0.4224137931034483,0.23113207547169812
0.4224137931034483,0.23113207547169812
0.4224137931034483,0.23113207547169812
0.4224137931034483,0.23113207547169812
0.4224137931034483,0.23113207547169812
0.4224137931034483,0.23113207547169812
0.4224137931034483,0.23113207547169812
0.4224137931034483,0.23113207547169812
0.4224137931034483,0.23113207547169812
0.4224137931034483,0.23113207547169812
0.4224137931034483,0.23113207547169812
0.4224137931034483,0.2300469483568075
0.4224137931034483,0.2300469483568075
0.4224137931034483,0.2300469483568075
0.4224137931034483,0.22897196261682243
0.4224137931034483,0.22897196261682243
0.4224137931034483,0.22897196261682243
0.4224137931034483,0.22897196261682243
0.4224137931034483,0.22897196261682243
0.4224137931034483,0.22897196261682243
0.4224137931034483,0.22790697674418606
0.4224137931034483,0.22685185185185186
0.4224137931034483,0.22685185185185186
0.4224137931034483,0.22685185185185186
0.4224137931034483,0.22685185185185186
0.4224137931034483,0.22685185185185186
0.4224137931034483,0.22685185185185186
0.4224137931034483,0.22685185185185186
0.4224137931034483,0.22685185185185186
0.4224137931034483,0.22685185185185186
0.4224137931034483,0.22685185185185186
0.4224137931034483,0.22685185185185186
0.4224137931034483,0.22685185185185186
0.4224137931034483,0.22685185185185186
0.4224137931034483,0.22685185185185186
0.4224137931034483,0.22685185185185186
0.4224137931034483,0.22685185185185186
0.4224137931034483,0.22685185185185186
0.4224137931034483,0.22685185185185186
0.4224137931034483,0.22580645161290322
0.4224137931034483,0.22580645161290322
0.4224137931034483,0.22580645161290322
0.4224137931034483,0.22580645161290322
0.4224137931034483,0.22580645161290322
0.4224137931034483,0.22477064220183487
0.4224137931034483,0.2237442922374429
0.4224137931034483,0.2237442922374429
0.4224137931034483,0.2237442922374429
0.4224137931034483,0.2237442922374429
0.4224137931034483,0.2237442922374429
0.4224137931034483,0.2237442922374429
0.4224137931034483,0.2237442922374429
0.4224137931034483,0.2237442922374429
0.4224137931034483,0.2237442922374429
0.4224137931034483,0.2237442922374429
0.4224137931034483,0.22272727272727272
0.4224137931034483,0.22272727272727272
0.4224137931034483,0.22272727272727272
0.4224137931034483,0.22171945701357465
0.4224137931034483,0.22171945701357465
0.4224137931034483,0.22171945701357465
0.4224137931034483,0.22072072072072071
0.4224137931034483,0.22072072072072071
0.4224137931034483,0.21973094170403587
0.4224137931034483,0.21973094170403587
0.4224137931034483,0.21973094170403587
0.4224137931034483,0.21973094170403587
0.4224137931034483,0.21973094170403587
0.4224137931034483,0.21973094170403587
0.4224137931034483,0.21973094170403587
0.4224137931034483,0.21973094170403587
0.4224137931034483,0.21973094170403587
0.4224137931034483,0.21973094170403587
0.4224137931034483,0.21875
0.4224137931034483,0.21875
0.4224137931034483,0.21777777777777776
0.4224137931034483,0.2168141592920354
0.4224137931034483,0.2168141592920354
0.4224137931034483,0.2168141592920354
0.4224137931034483,0.2168141592920354
0.4224137931034483,0.2168141592920354
0.4224137931034483,0.2168141592920354
0.4224137931034483,0.2168141592920354
0.4224137931034483,0.21585903083700442
0.4224137931034483,0.21585903083700442
0.4224137931034483,0.21585903083700442
0.4224137931034483,0.21585903083700442
0.4224137931034483,0.21585903083700442
0.4224137931034483,0.21585903083700442
0.4224137931034483,0.21585903083700442
0.4224137931034483,0.21585903083700442
0.4224137931034483,0.21585903083700442
0.4224137931034483,0.21585903083700442
0.4224137931034483,0.21585903083700442
0.4224137931034483,0.21585903083700442
0.4224137931034483,0.21585903083700442
0.4224137931034483,0.2149122807017544
0.4224137931034483,0.2149122807017544
0.4224137931034483,0.2149122807017544
0.4224137931034483,0.2149122807017544
0.4224137931034483,0.2149122807017544
0.4224137931034483,0.21397379912663755
0.4224137931034483,0.21304347826086956
0.4224137931034483,0.21304347826086956
0.4224137931034483,0.21304347826086956
0.4224137931034483,0.21304347826086956
0.4224137931034483,0.21304347826086956
0.4224137931034483,0.21212121212121213
0.4224137931034483,0.21212121212121213
0.4224137931034483,0.21212121212121213
0.4224137931034483,0.21212121212121213
0.4224137931034483,0.21212121212121213
0.4224137931034483,0.21212121212121213
0.4224137931034483,0.21212121212121213
0.4224137931034483,0.21120689655172414
0.4224137931034483,0.21120689655172414
0.4224137931034483,0.21120689655172414
0.4224137931034483,0.21120689655172414
0.4224137931034483,0.21120689655172414
0.4224137931034483,0.21030042918454936
0.4224137931034483,0.21030042918454936
0.4224137931034483,0.21030042918454936
0.4224137931034483,0.21030042918454936
0.4224137931034483,0.2094017094017094
0.4224137931034483,0.2094017094017094
0.4224137931034483,0.2094017094017094
0.4224137931034483,0.2094017094017094
0.4224137931034483,0.2094017094017094
0.4224137931034483,0.2094017094017094
0.4224137931034483,0.2094017094017094
0.4224137931034483,0.20851063829787234
0.4224137931034483,0.20851063829787234
0.4224137931034483,0.20851063829787234
0.4224137931034483,0.20851063829787234
0.4224137931034483,0.2076271186440678
0.4224137931034483,0.20675105485232068
0.4224137931034483,0.20675105485232068
0.4224137931034483,0.20675105485232068
0.4224137931034483,0.20675105485232068
0.4224137931034483,0.20675105485232068
0.4224137931034483,0.20675105485232068
0.4224137931034483,0.20675105485232068
0.4224137931034483,0.20588235294117646
0.4224137931034483,0.20588235294117646
0.4224137931034483,0.20588235294117646
0.4224137931034483,0.20588235294117646
0.4224137931034483,0.20502092050209206
0.4224137931034483,0.20416666666666666
0.4224137931034483,0.20416666666666666
0.4224137931034483,0.20416666666666666
0.4224137931034483,0.20416666666666666
0.4224137931034483,0.20416666666666666
0.4224137931034483,0.20416666666666666
0.4224137931034483,0.2033195020746888
0.4224137931034483,0.2024793388429752
0.4224137931034483,0.2024793388429752
0.4224137931034483,0.2024793388429752
0.4224137931034483,0.2024793388429752
0.4224137931034483,0.2024793388429752
0.4224137931034483,0.2024793388429752
0.4224137931034483,0.2024793388429752
0.4224137931034483,0.2024793388429752
0.4224137931034483,0.2024793388429752
0.4224137931034483,0.2024793388429752
0.4224137931034483,0.20164609053497942
0.4224137931034483,0.20164609053497942
0.4224137931034483,0.20164609053497942
0.4224137931034483,0.20164609053497942
0.4224137931034483,0.20164609053497942
0.4224137931034483,0.20164609053497942
0.4224137931034483,0.20164609053497942
0.4224137931034483,0.20164609053497942
0.4224137931034483,0.20164609053497942
0.4224137931034483,0.20164609053497942
0.4224137931034483,0.20164609053497942
0.4224137931034483,0.20081967213114754
0.4224137931034483,0.20081967213114754
0.4224137931034483,0.20081967213114754
0.4224137931034483,0.20081967213114754
0.4224137931034483,0.20081967213114754
0.4224137931034483,0.20081967213114754
0.4224137931034483,0.2
0.4224137931034483,0.2
0.4224137931034483,0.2
0.43103448275862066,0.2032520325203252
0.43103448275862066,0.2032520325203252
0.43103448275862066,0.2032520325203252
0.43103448275862066,0.2032520325203252
0.43103448275862066,0.2032520325203252
0.43103448275862066,0.2032520325203252
0.43103448275862066,0.2032520325203252
0.43103448275862066,0.2032520325203252
0.43103448275862066,0.2032520325203252
0.43103448275862066,0.20242914979757085
0.43103448275862066,0.20161290322580644
0.43103448275862066,0.20161290322580644
0.43103448275862066,0.20161290322580644
0.43103448275862066,0.20080321285140562
0.43103448275862066,0.20080321285140562
0.43103448275862066,0.20080321285140562
0.43103448275862066,0.20080321285140562
0.43103448275862066,0.20080321285140562
0.43103448275862066,0.20080321285140562
0.43103448275862066,0.20080321285140562
0.43103448275862066,0.20080321285140562
0.43103448275862066,0.20080321285140562
0.43103448275862066,0.20080321285140562
0.43103448275862066,0.20080321285140562
0.43103448275862066,0.2
0.43103448275862066,0.2
0.43103448275862066,0.199203187250996
0.43103448275862066,0.1984126984126984
0.43103448275862066,0.1984126984126984
0.43103448275862066,0.1984126984126984
0.43103448275862066,0.1984126984126984
0.43103448275862066,0.1984126984126984
0.43103448275862066,0.1984126984126984
0.43103448275862066,0.1984126984126984
0.43103448275862066,0.1984126984126984
0.43103448275862066,0.1976284584980237
0.43103448275862066,0.1976284584980237
0.43103448275862066,0.1976284584980237
0.43103448275862066,0.1976284584980237
0.43103448275862066,0.1976284584980237
0.43103448275862066,0.1968503937007874
0.43103448275862066,0.1968503937007874
0.43103448275862066,0.19607843137254902
0.43103448275862066,0.19607843137254902
0.43103448275862066,0.19607843137254902
0.43103448275862066,0.19607843137254902
0.43103448275862066,0.19607843137254902
0.43103448275862066,0.19607843137254902
0.43103448275862066,0.19607843137254902
0.43103448275862066,0.19607843137254902
0.43103448275862066,0.19607843137254902
0.43103448275862066,0.19607843137254902
0.43103448275862066,0.19607843137254902
0.43103448275862066,0.19607843137254902
0.43103448275862066,0.19607843137254902
0.43103448275862066,0.19607843137254902
0.43103448275862066,0.19607843137254902
0.43103448275862066,0.19607843137254902
0.43103448275862066,0.1953125
0.43103448275862066,0.1953125
0.43103448275862066,0.1953125
0.43103448275862066,0.1953125
0.43103448275862066,0.1953125
0.43103448275862066,0.1953125
0.43103448275862066,0.19455252918287938
0.43103448275862066,0.19455252918287938
0.43103448275862066,0.19455252918287938
0.43103448275862066,0.1937984496124031
0.43103448275862066,0.1937984496124031
0.43103448275862066,0.1937984496124031
0.43103448275862066,0.1937984496124031
0.43103448275862066,0.1937984496124031
0.43103448275862066,0.1937984496124031
0.43103448275862066,0.1937984496124031
0.43103448275862066,0.19305019305019305
0.43103448275862066,0.19305019305019305
0.43103448275862066,0.19305019305019305
0.43103448275862066,0.19305019305019305
0.43103448275862066,0.19305019305019305
0.43103448275862066,0.19305019305019305
0.43103448275862066,0.19305019305019305
0.43103448275862066,0.19230769230769232
0.43103448275862066,0.19230769230769232
0.43103448275862066,0.19230769230769232
0.43103448275862066,0.19230769230769232
0.43103448275862066,0.19230769230769232
0.43103448275862066,0.19230769230769232
0.43103448275862066,0.19230769230769232
0.43103448275862066,0.19230769230769232
0.43103448275862066,0.19230769230769232
0.43103448275862066,0.19230769230769232
0.43103448275862066,0.19230769230769232
0.43103448275862066,0.19230769230769232
0.43103448275862066,0.19230769230769232
0.43103448275862066,0.19230769230769232
0.43103448275862066,0.19230769230769232
0.43103448275862066,0.19230769230769232
0.43103448275862066,0.19230769230769232
0.43103448275862066,0.19230769230769232
0.43103448275862066,0.19230769230769232
0.43103448275862066,0.19230769230769232
0.43103448275862066,0.19230769230769232
0.43103448275862066,0.19230769230769232
0.43103448275862066,0.19230769230769232
0.43103448275862066,0.19157088122605365
0.43103448275862066,0.19157088122605365
0.43103448275862066,0.19157088122605365
0.43103448275862066,0.19157088122605365
0.43103448275862066,0.19157088122605365
0.43103448275862066,0.19157088122605365
0.43103448275862066,0.19157088122605365
0.43103448275862066,0.19157088122605365
0.43103448275862066,0.19157088122605365
0.43103448275862066,0.19157088122605365
0.43103448275862066,0.19157088122605365
0.43103448275862066,0.19083969465648856
0.43103448275862066,0.19083969465648856
0.43103448275862066,0.19083969465648856
0.43103448275862066,0.19083969465648856
0.43103448275862066,0.19083969465648856
0.43103448275862066,0.19011406844106463
0.43103448275862066,0.19011406844106463
0.43103448275862066,0.19011406844106463
0.43103448275862066,0.19011406844106463
0.43103448275862066,0.19011406844106463
0.43103448275862066,0.19011406844106463
0.43103448275862066,0.1893939393939394
0.43103448275862066,0.1893939393939394
0.43103448275862066,0.18867924528301888
0.43103448275862066,0.18867924528301888
0.43103448275862066,0.18796992481203006
0.43103448275862066,0.18726591760299627
0.43103448275862066,0.1865671641791045
0.43103448275862066,0.1865671641791045
0.43103448275862066,0.1865671641791045
0.43103448275862066,0.1865671641791045
0.43103448275862066,0.1865671641791045
0.43103448275862066,0.18587360594795538
0.43103448275862066,0.18587360594795538
0.43103448275862066,0.18587360594795538
0.43103448275862066,0.18518518518518517
0.43103448275862066,0.18450184501845018
0.43103448275862066,0.18450184501845018
0.43103448275862066,0.18450184501845018
0.43103448275862066,0.18450184501845018
0.43103448275862066,0.18450184501845018
0.43103448275862066,0.18450184501845018
0.43103448275862066,0.18450184501845018
0.43103448275862066,0.18450184501845018
0.43103448275862066,0.18450184501845018
0.4396551724137931,0.1875
0.4396551724137931,0.1875
0.4396551724137931,0.1875
0.4396551724137931,0.1875
0.4396551724137931,0.18681318681318682
0.4396551724137931,0.18681318681318682
0.4396551724137931,0.18681318681318682
0.4396551724137931,0.18681318681318682
0.4396551724137931,0.18681318681318682
0.4396551724137931,0.18681318681318682
0.4396551724137931,0.18681318681318682
0.4396551724137931,0.18681318681318682
0.4396551724137931,0.18681318681318682
0.4396551724137931,0.18681318681318682
0.4396551724137931,0.18681318681318682
0.4396551724137931,0.18681318681318682
0.4396551724137931,0.18681318681318682
0.4396551724137931,0.18681318681318682
0.4396551724137931,0.18613138686131386
0.4396551724137931,0.18613138686131386
0.4396551724137931,0.18613138686131386
0.4396551724137931,0.18613138686131386
0.4396551724137931,0.18545454545454546
0.4396551724137931,0.18545454545454546
0.4396551724137931,0.18545454545454546
0.4396551724137931,0.18478260869565216
0.4396551724137931,0.18478260869565216
0.4396551724137931,0.18478260869565216
0.4396551724137931,0.18478260869565216
0.4396551724137931,0.18411552346570398
0.4396551724137931,0.18411552346570398
0.4396551724137931,0.18411552346570398
0.4396551724137931,0.18411552346570398
0.4396551724137931,0.18345323741007194
0.4396551724137931,0.18345323741007194
0.4396551724137931,0.18345323741007194
0.4396551724137931,0.18345323741007194
0.4396551724137931,0.18345323741007194
0.4396551724137931,0.18345323741007194
0.4396551724137931,0.18345323741007194
0.4396551724137931,0.18345323741007194
0.4396551724137931,0.18345323741007194
0.4396551724137931,0.18345323741007194
0.4396551724137931,0.18345323741007194
0.4396551724137931,0.18345323741007194
0.4396551724137931,0.18345323741007194
0.4396551724137931,0.18345323741007194
0.4396551724137931,0.18345323741007194
0.4396551724137931,0.1827956989247312
0.4396551724137931,0.1827956989247312
0.4396551724137931,0.1827956989247312
0.4396551724137931,0.1827956989247312
0.4396551724137931,0.18214285714285713
0.4396551724137931,0.18214285714285713
0.4396551724137931,0.18149466192170818
0.4396551724137931,0.18149466192170818
0.4396551724137931,0.18149466192170818
0.4396551724137931,0.18149466192170818
0.4396551724137931,0.18149466192170818
0.4396551724137931,0.18149466192170818
0.4396551724137931,0.18085106382978725
0.4396551724137931,0.18085106382978725
0.4396551724137931,0.18085106382978725
0.4396551724137931,0.18085106382978725
0.4396551724137931,0.18085106382978725
0.4396551724137931,0.18085106382978725
0.4396551724137931,0.18085106382978725
0.4396551724137931,0.18085106382978725
0.4396551724137931,0.18085106382978725
0.4396551724137931,0.18085106382978725
0.4396551724137931,0.18021201413427562
0.4396551724137931,0.18021201413427562
0.4396551724137931,0.18021201413427562
0.4396551724137931,0.18021201413427562
0.4396551724137931,0.1795774647887324
0.4396551724137931,0.1795774647887324
0.4396551724137931,0.17894736842105263
0.4396551724137931,0.17894736842105263
0.4396551724137931,0.17832167832167833
0.4396551724137931,0.17832167832167833
0.4396551724137931,0.17832167832167833
0.4396551724137931,0.17770034843205576
0.4396551724137931,0.17708333333333334
0.4396551724137931,0.17708333333333334
0.4396551724137931,0.17708333333333334
0.4396551724137931,0.17708333333333334
0.4396551724137931,0.17647058823529413
0.4396551724137931,0.17647058823529413
0.4396551724137931,0.17647058823529413
0.4396551724137931,0.17647058823529413
0.4396551724137931,0.17647058823529413
0.4396551724137931,0.17647058823529413
0.4396551724137931,0.17647058823529413
0.4396551724137931,0.17647058823529413
0.4396551724137931,0.17647058823529413
0.4396551724137931,0.17586206896551723
0.4396551724137931,0.17586206896551723
0.4396551724137931,0.17586206896551723
0.4396551724137931,0.17586206896551723
0.4396551724137931,0.17586206896551723
0.4396551724137931,0.17586206896551723
0.4396551724137931,0.17586206896551723
0.4396551724137931,0.17586206896551723
0.4396551724137931,0.17525773195876287
0.4396551724137931,0.17465753424657535
0.4396551724137931,0.17406143344709898
0.4396551724137931,0.17406143344709898
0.4396551724137931,0.17406143344709898
0.4396551724137931,0.17406143344709898
0.4396551724137931,0.17406143344709898
0.4396551724137931,0.17406143344709898
0.4396551724137931,0.17406143344709898
0.4396551724137931,0.17406143344709898
0.4396551724137931,0.17406143344709898
0.4396551724137931,0.17406143344709898
0.4396551724137931,0.17406143344709898
0.4396551724137931,0.17346938775510204
0.4396551724137931,0.17346938775510204
0.4396551724137931,0.17346938775510204
0.4396551724137931,0.17288135593220338
0.4396551724137931,0.17288135593220338
0.4396551724137931,0.17288135593220338
0.4396551724137931,0.17288135593220338
0.4396551724137931,0.17288135593220338
0.4482758620689655,0.17567567567567569
0.4482758620689655,0.17567567567567569
0.4482758620689655,0.17567567567567569
0.4482758620689655,0.17567567567567569
0.4482758620689655,0.1750841750841751
0.4482758620689655,0.1750841750841751
0.4482758620689655,0.1750841750841751
0.4482758620689655,0.1750841750841751
0.4482758620689655,0.1750841750841751
0.4482758620689655,0.1750841750841751
0.4482758620689655,0.1750841750841751
0.4482758620689655,0.1750841750841751
0.4482758620689655,0.1750841750841751
0.4482758620689655,0.174496644295302
0.4482758620689655,0.174496644295302
0.4482758620689655,0.174496644295302
0.4482758620689655,0.174496644295302
0.4482758620689655,0.174496644295302
0.4482758620689655,0.174496644295302
0.4482758620689655,0.17391304347826086
0.4482758620689655,0.17333333333333334
0.4482758620689655,0.17333333333333334
0.4482758620689655,0.17333333333333334
0.4482758620689655,0.17333333333333334
0.4482758620689655,0.17333333333333334
0.4482758620689655,0.17333333333333334
0.4482758620689655,0.17333333333333334
0.4482758620689655,0.17333333333333334
0.4482758620689655,0.17333333333333334
0.4482758620689655,0.17333333333333334
0.4482758620689655,0.17333333333333334
0.4482758620689655,0.17275747508305647
0.4482758620689655,0.17275747508305647
0.4482758620689655,0.17218543046357615
0.4482758620689655,0.17218543046357615
0.4482758620689655,0.17218543046357615
0.4482758620689655,0.17218543046357615
0.4482758620689655,0.17218543046357615
0.4482758620689655,0.17218543046357615
0.4482758620689655,0.1716171617161716
0.4482758620689655,0.1716171617161716
0.4482758620689655,0.1716171617161716
0.4482758620689655,0.17105263157894737
0.4482758620689655,0.17105263157894737
0.4482758620689655,0.17049180327868851
0.4482758620689655,0.17049180327868851
0.4482758620689655,0.17049180327868851
0.4482758620689655,0.17049180327868851
0.4482758620689655,0.16993464052287582
0.4482758620689655,0.16938110749185667
0.4482758620689655,0.16938110749185667
0.4482758620689655,0.16938110749185667
0.4482758620689655,0.16883116883116883
0.4482758620689655,0.16883116883116883
0.4482758620689655,0.16883116883116883
0.4482758620689655,0.16883116883116883
0.4482758620689655,0.16883116883116883
0.4482758620689655,0.16828478964401294
0.4482758620689655,0.16774193548387098
0.4482758620689655,0.16720257234726688
0.4482758620689655,0.16720257234726688
0.4482758620689655,0.16666666666666666
0.4482758620689655,0.16666666666666666
0.4482758620689655,0.16613418530351437
0.4482758620689655,0.16613418530351437
0.4482758620689655,0.16613418530351437
0.4482758620689655,0.16613418530351437
0.4482758620689655,0.16560509554140126
0.4482758620689655,0.16560509554140126
0.4482758620689655,0.16507936507936508
0.4482758620689655,0.16507936507936508
0.4482758620689655,0.16507936507936508
0.4482758620689655,0.16507936507936508
0.4482758620689655,0.16507936507936508
0.4482758620689655,0.16507936507936508
0.4482758620689655,0.16507936507936508
0.4482758620689655,0.16507936507936508
0.4482758620689655,0.16507936507936508
0.4482758620689655,0.16507936507936508
0.4482758620689655,0.16507936507936508
0.4482758620689655,0.16455696202531644
0.4482758620689655,0.16455696202531644
0.4482758620689655,0.16455696202531644
0.4482758620689655,0.16455696202531644
0.4482758620689655,0.16455696202531644
0.4482758620689655,0.16455696202531644
0.4482758620689655,0.16455696202531644
0.4482758620689655,0.16455696202531644
0.4482758620689655,0.16455696202531644
0.4482758620689655,0.16455696202531644
0.45689655172413796,0.167192429022082
0.45689655172413796,0.167192429022082
0.45689655172413796,0.167192429022082
0.45689655172413796,0.167192429022082
0.45689655172413796,0.167192429022082
0.45689655172413796,0.16666666666666666
0.45689655172413796,0.16666666666666666
0.45689655172413796,0.16666666666666666
0.45689655172413796,0.16614420062695925
0.45689655172413796,0.165625
0.45689655172413796,0.165625
0.45689655172413796,0.165625
0.45689655172413796,0.165625
0.45689655172413796,0.165625
0.45689655172413796,0.165625
0.45689655172413796,0.165625
0.45689655172413796,0.165625
0.45689655172413796,0.165625
0.45689655172413796,0.165625
0.45689655172413796,0.165625
0.45689655172413796,0.165625
0.45689655172413796,0.165625
0.45689655172413796,0.165625
0.45689655172413796,0.165625
0.45689655172413796,0.165625
0.45689655172413796,0.165625
0.45689655172413796,0.165625
0.45689655172413796,0.16510903426791276
0.45689655172413796,0.16459627329192547
0.45689655172413796,0.16408668730650156
0.45689655172413796,0.16408668730650156
0.45689655172413796,0.16408668730650156
0.45689655172413796,0.16408668730650156
0.45689655172413796,0.16408668730650156
0.45689655172413796,0.16358024691358025
0.45689655172413796,0.16358024691358025
0.45689655172413796,0.16358024691358025
0.45689655172413796,0.16358024691358025
0.45689655172413796,0.16358024691358025
0.45689655172413796,0.16358024691358025
0.45689655172413796,0.16358024691358025
0.45689655172413796,0.16358024691358025
0.45689655172413796,0.16358024691358025
0.45689655172413796,0.16307692307692306
0.45689655172413796,0.16307692307692306
0.45689655172413796,0.16307692307692306
0.45689655172413796,0.16307692307692306
0.45689655172413796,0.16307692307692306
0.45689655172413796,0.16307692307692306
0.45689655172413796,0.16307692307692306
0.45689655172413796,0.16307692307692306
0.45689655172413796,0.16307692307692306
0.45689655172413796,0.16307692307692306
0.45689655172413796,0.16307692307692306
0.45689655172413796,0.16307692307692306
0.45689655172413796,0.16307692307692306
0.45689655172413796,0.16307692307692306
0.45689655172413796,0.16307692307692306
0.45689655172413796,0.16307692307692306
0.45689655172413796,0.16307692307692306
0.45689655172413796,0.16307692307692306
0.45689655172413796,0.16307692307692306
0.45689655172413796,0.16307692307692306
0.45689655172413796,0.16307692307692306
0.45689655172413796,0.16307692307692306
0.45689655172413796,0.16307692307692306
0.45689655172413796,0.16257668711656442
0.45689655172413796,0.16257668711656442
0.45689655172413796,0.16257668711656442
0.45689655172413796,0.1620795107033639
0.45689655172413796,0.16158536585365854
0.45689655172413796,0.16109422492401215
0.45689655172413796,0.16109422492401215
0.45689655172413796,0.1606060606060606
0.45689655172413796,0.1606060606060606
0.45689655172413796,0.1606060606060606
0.45689655172413796,0.1606060606060606
0.45689655172413796,0.1606060606060606
0.45689655172413796,0.1606060606060606
0.45689655172413796,0.1606060606060606
0.45689655172413796,0.1606060606060606
0.45689655172413796,0.1606060606060606
0.45689655172413796,0.1606060606060606
0.45689655172413796,0.1606060606060606
0.45689655172413796,0.1606060606060606
0.45689655172413796,0.1606060606060606
0.45689655172413796,0.1606060606060606
0.45689655172413796,0.1606060606060606
0.45689655172413796,0.1606060606060606
0.45689655172413796,0.1606060606060606
0.45689655172413796,0.1606060606060606
0.45689655172413796,0.1606060606060606
0.45689655172413796,0.1606060606060606
0.45689655172413796,0.1606060606060606
0.45689655172413796,0.1606060606060606
0.45689655172413796,0.1606060606060606
0.45689655172413796,0.1606060606060606
0.45689655172413796,0.16012084592145015
0.45689655172413796,0.16012084592145015
0.45689655172413796,0.16012084592145015
0.45689655172413796,0.16012084592145015
0.45689655172413796,0.16012084592145015
0.45689655172413796,0.16012084592145015
0.45689655172413796,0.16012084592145015
0.45689655172413796,0.16012084592145015
0.45689655172413796,0.16012084592145015
0.45689655172413796,0.16012084592145015
0.45689655172413796,0.16012084592145015
0.45689655172413796,0.16012084592145015
0.45689655172413796,0.16012084592145015
0.45689655172413796,0.16012084592145015
0.45689655172413796,0.15963855421686746
0.45689655172413796,0.15963855421686746
0.45689655172413796,0.15963855421686746
0.45689655172413796,0.15963855421686746
0.45689655172413796,0.15963855421686746
0.45689655172413796,0.15963855421686746
0.45689655172413796,0.15963855421686746
0.45689655172413796,0.15915915915915915
0.45689655172413796,0.15915915915915915
0.45689655172413796,0.15915915915915915
0.45689655172413796,0.15915915915915915
0.45689655172413796,0.15915915915915915
0.45689655172413796,0.15915915915915915
0.45689655172413796,0.15868263473053892
0.45689655172413796,0.15868263473053892
0.45689655172413796,0.15868263473053892
0.45689655172413796,0.15868263473053892
0.45689655172413796,0.15868263473053892
0.45689655172413796,0.15868263473053892
0.45689655172413796,0.15868263473053892
0.45689655172413796,0.1582089552238806
0.45689655172413796,0.15773809523809523
0.45689655172413796,0.15773809523809523
0.45689655172413796,0.15773809523809523
0.45689655172413796,0.15773809523809523
0.45689655172413796,0.15773809523809523
0.45689655172413796,0.15773809523809523
0.45689655172413796,0.15773809523809523
0.45689655172413796,0.15773809523809523
0.45689655172413796,0.15773809523809523
0.45689655172413796,0.1572700296735905
0.45689655172413796,0.15680473372781065
0.45689655172413796,0.15680473372781065
0.45689655172413796,0.15680473372781065
0.45689655172413796,0.15680473372781065
0.45689655172413796,0.15680473372781065
0.45689655172413796,0.15680473372781065
0.45689655172413796,0.15680473372781065
0.45689655172413796,0.15680473372781065
0.45689655172413796,0.15680473372781065
0.45689655172413796,0.15680473372781065
0.45689655172413796,0.15680473372781065
0.45689655172413796,0.15680473372781065
0.45689655172413796,0.15680473372781065
0.45689655172413796,0.15680473372781065
0.45689655172413796,0.15680473372781065
0.45689655172413796,0.15680473372781065
0.45689655172413796,0.15634218289085547
0.45689655172413796,0.15634218289085547
0.45689655172413796,0.15634218289085547
0.45689655172413796,0.15634218289085547
0.45689655172413796,0.15634218289085547
0.45689655172413796,0.15634218289085547
0.45689655172413796,0.15634218289085547
0.45689655172413796,0.15634218289085547
0.45689655172413796,0.15588235294117647
0.45689655172413796,0.15588235294117647
0.45689655172413796,0.15588235294117647
0.45689655172413796,0.15588235294117647
0.45689655172413796,0.15588235294117647
0.45689655172413796,0.15588235294117647
0.45689655172413796,0.15588235294117647
0.45689655172413796,0.15588235294117647
0.45689655172413796,0.15588235294117647
0.45689655172413796,0.15588235294117647
0.45689655172413796,0.15588235294117647
0.45689655172413796,0.15588235294117647
0.45689655172413796,0.15588235294117647
0.45689655172413796,0.15588235294117647
0.45689655172413796,0.15588235294117647
0.45689655172413796,0.15588235294117647
0.45689655172413796,0.15588235294117647
0.45689655172413796,0.15588235294117647
0.45689655172413796,0.15588235294117647
0.45689655172413796,0.15588235294117647
0.45689655172413796,0.15588235294117647
0.45689655172413796,0.15542521994134897
0.45689655172413796,0.15542521994134897
0.45689655172413796,0.15542521994134897
0.45689655172413796,0.15542521994134897
0.45689655172413796,0.15542521994134897
0.45689655172413796,0.15542521994134897
0.45689655172413796,0.15542521994134897
0.45689655172413796,0.15542521994134897
0.45689655172413796,0.15542521994134897
0.45689655172413796,0.15542521994134897
0.45689655172413796,0.15497076023391812
0.45689655172413796,0.15497076023391812
0.45689655172413796,0.15497076023391812
0.45689655172413796,0.15497076023391812
0.45689655172413796,0.15497076023391812
0.45689655172413796,0.15451895043731778
0.45689655172413796,0.15451895043731778
0.45689655172413796,0.15406976744186046
0.45689655172413796,0.15406976744186046
0.45689655172413796,0.15406976744186046
0.45689655172413796,0.1536231884057971
0.45689655172413796,0.1536231884057971
0.45689655172413796,0.1536231884057971
0.45689655172413796,0.1536231884057971
0.45689655172413796,0.1536231884057971
0.45689655172413796,0.1536231884057971
0.45689655172413796,0.1536231884057971
0.45689655172413796,0.1536231884057971
0.45689655172413796,0.1536231884057971
0.45689655172413796,0.1536231884057971
0.45689655172413796,0.1536231884057971
0.45689655172413796,0.1531791907514451
0.45689655172413796,0.1531791907514451
0.45689655172413796,0.1531791907514451
0.45689655172413796,0.1531791907514451
0.45689655172413796,0.15273775216138327
0.45689655172413796,0.15273775216138327
0.45689655172413796,0.15273775216138327
0.45689655172413796,0.15229885057471265
0.45689655172413796,0.15229885057471265
0.45689655172413796,0.15229885057471265
0.45689655172413796,0.15229885057471265
0.45689655172413796,0.15229885057471265
0.45689655172413796,0.15229885057471265
0.45689655172413796,0.15229885057471265
0.45689655172413796,0.15229885057471265
0.45689655172413796,0.15229885057471265
0.45689655172413796,0.15229885057471265
0.45689655172413796,0.15229885057471265
0.45689655172413796,0.15229885057471265
0.45689655172413796,0.15229885057471265
0.45689655172413796,0.15229885057471265
0.45689655172413796,0.15229885057471265
0.45689655172413796,0.15229885057471265
0.45689655172413796,0.15229885057471265
0.45689655172413796,0.15229885057471265
0.45689655172413796,0.15229885057471265
0.45689655172413796,0.15229885057471265
0.45689655172413796,0.15229885057471265
0.45689655172413796,0.15229885057471265
0.45689655172413796,0.15229885057471265
0.45689655172413796,0.15229885057471265
0.45689655172413796,0.15229885057471265
0.45689655172413796,0.15229885057471265
0.45689655172413796,0.15229885057471265
0.45689655172413796,0.15229885057471265
0.45689655172413796,0.15229885057471265
0.45689655172413796,0.15229885057471265
0.45689655172413796,0.15229885057471265
0.45689655172413796,0.15229885057471265
0.45689655172413796,0.15229885057471265
0.45689655172413796,0.1518624641833811
0.45689655172413796,0.1518624641833811
0.45689655172413796,0.15142857142857144
0.45689655172413796,0.150997150997151
0.45689655172413796,0.150997150997151
0.45689655172413796,0.150997150997151
0.45689655172413796,0.150997150997151
0.45689655172413796,0.15056818181818182
0.45689655172413796,0.15056818181818182
0.45689655172413796,0.15056818181818182
0.45689655172413796,0.15056818181818182
0.45689655172413796,0.15056818181818182
0.45689655172413796,0.15056818181818182
0.45689655172413796,0.15056818181818182
0.45689655172413796,0.15056818181818182
0.45689655172413796,0.15056818181818182
0.45689655172413796,0.1501416430594901
0.45689655172413796,0.1501416430594901
0.45689655172413796,0.1501416430594901
0.45689655172413796,0.1501416430594901
0.45689655172413796,0.1501416430594901
0.45689655172413796,0.1497175141242938
0.45689655172413796,0.1497175141242938
0.45689655172413796,0.14929577464788732
0.45689655172413796,0.14887640449438203
0.45689655172413796,0.14887640449438203
0.45689655172413796,0.14887640449438203
0.45689655172413796,0.14887640449438203
0.45689655172413796,0.14887640449438203
0.45689655172413796,0.14887640449438203
0.45689655172413796,0.14887640449438203
0.45689655172413796,0.14887640449438203
0.45689655172413796,0.14887640449438203
0.45689655172413796,0.14887640449438203
0.45689655172413796,0.14887640449438203
0.45689655172413796,0.14887640449438203
0.45689655172413796,0.14887640449438203
0.45689655172413796,0.1484593837535014
0.45689655172413796,0.1484593837535014
0.45689655172413796,0.1484593837535014
0.45689655172413796,0.14804469273743018
0.45689655172413796,0.14804469273743018
0.45689655172413796,0.14763231197771587
0.45689655172413796,0.14722222222222223
0.45689655172413796,0.14681440443213298
0.45689655172413796,0.14681440443213298
0.45689655172413796,0.1464088397790055
0.45689655172413796,0.14600550964187328
0.45689655172413796,0.14600550964187328
0.45689655172413796,0.14600550964187328
0.45689655172413796,0.14600550964187328
0.45689655172413796,0.14600550964187328
0.45689655172413796,0.14600550964187328
0.45689655172413796,0.14560439560439561
0.45689655172413796,0.14560439560439561
0.45689655172413796,0.14560439560439561
0.45689655172413796,0.14560439560439561
0.45689655172413796,0.14560439560439561
0.45689655172413796,0.14560439560439561
0.45689655172413796,0.14560439560439561
0.45689655172413796,0.14560439560439561
0.45689655172413796,0.14560439560439561
0.45689655172413796,0.14560439560439561
0.45689655172413796,0.14560439560439561
0.45689655172413796,0.14520547945205478
0.45689655172413796,0.14520547945205478
0.45689655172413796,0.14520547945205478
0.45689655172413796,0.14520547945205478
0.45689655172413796,0.14520547945205478
0.45689655172413796,0.1448087431693989
0.45689655172413796,0.1448087431693989
0.45689655172413796,0.1448087431693989
0.45689655172413796,0.1448087431693989
0.45689655172413796,0.1448087431693989
0.45689655172413796,0.1448087431693989
0.45689655172413796,0.1448087431693989
0.45689655172413796,0.1448087431693989
0.45689655172413796,0.1444141689373297
0.45689655172413796,0.1444141689373297
0.45689655172413796,0.1444141689373297
0.45689655172413796,0.1444141689373297
0.45689655172413796,0.1444141689373297
0.45689655172413796,0.1444141689373297
0.45689655172413796,0.1444141689373297
0.45689655172413796,0.1444141689373297
0.45689655172413796,0.1444141689373297
0.45689655172413796,0.1444141689373297
0.45689655172413796,0.1444141689373297
0.45689655172413796,0.1444141689373297
0.45689655172413796,0.1444141689373297
0.45689655172413796,0.1444141689373297
0.45689655172413796,0.1444141689373297
0.45689655172413796,0.14402173913043478
0.45689655172413796,0.14402173913043478
0.45689655172413796,0.14363143631436315
0.45689655172413796,0.14363143631436315
0.45689655172413796,0.14324324324324325
0.45689655172413796,0.14324324324324325
0.45689655172413796,0.14324324324324325
