0.0,1.0
0.0,1.0
0.0,1.0
0.0,1.0
0.0,1.0
0.0,1.0
0.0,1.0
0.016666666666666666,1.0
0.016666666666666666,1.0
0.016666666666666666,1.0
0.016666666666666666,1.0
0.016666666666666666,1.0
0.016666666666666666,1.0
0.016666666666666666,1.0
0.016666666666666666,1.0
0.016666666666666666,1.0
0.016666666666666666,1.0
0.016666666666666666,1.0
0.016666666666666666,1.0
0.016666666666666666,1.0
0.016666666666666666,1.0
0.016666666666666666,1.0
0.016666666666666666,1.0
0.016666666666666666,1.0
0.016666666666666666,1.0
0.016666666666666666,1.0
0.016666666666666666,1.0
0.016666666666666666,1.0
0.016666666666666666,0.5
0.016666666666666666,0.5
0.016666666666666666,0.5
0.016666666666666666,0.5
0.016666666666666666,0.5
0.03333333333333333,0.6666666666666666
0.03333333333333333,0.6666666666666666
0.03333333333333333,0.6666666666666666
0.03333333333333333,0.6666666666666666
0.03333333333333333,0.6666666666666666
0.05,0.75
0.05,0.75
0.05,0.75
0.05,0.75
0.05,0.75
0.05,0.75
0.05,0.75
0.06666666666666667,0.8
0.06666666666666667,0.8
0.08333333333333333,0.8333333333333334
0.1,0.8571428571428571
0.1,0.8571428571428571
0.1,0.8571428571428571
0.1,0.75
0.1,0.75
0.1,0.6666666666666666
0.1,0.6666666666666666
0.1,0.6666666666666666
0.11666666666666667,0.7
0.11666666666666667,0.7
0.11666666666666667,0.7
0.11666666666666667,0.6363636363636364
0.11666666666666667,0.5833333333333334
0.11666666666666667,0.5833333333333334
0.11666666666666667,0.5833333333333334
0.11666666666666667,0.5833333333333334
0.11666666666666667,0.5833333333333334
0.11666666666666667,0.5833333333333334
0.11666666666666667,0.5833333333333334
0.11666666666666667,0.5833333333333334
0.11666666666666667,0.5833333333333334
0.11666666666666667,0.5833333333333334
0.11666666666666667,0.5833333333333334
0.11666666666666667,0.5833333333333334
0.13333333333333333,0.6153846153846154
0.13333333333333333,0.6153846153846154
0.13333333333333333,0.6153846153846154
0.13333333333333333,0.6153846153846154
0.13333333333333333,0.5714285714285714
0.13333333333333333,0.5714285714285714
0.13333333333333333,0.5333333333333333
0.13333333333333333,0.5
0.13333333333333333,0.5
0.13333333333333333,0.5
0.13333333333333333,0.5
0.13333333333333333,0.47058823529411764
0.13333333333333333,0.47058823529411764
0.13333333333333333,0.47058823529411764
0.13333333333333333,0.47058823529411764
0.13333333333333333,0.47058823529411764
0.13333333333333333,0.47058823529411764
0.13333333333333333,0.47058823529411764
0.13333333333333333,0.47058823529411764
0.13333333333333333,0.47058823529411764
0.13333333333333333,0.47058823529411764
0.13333333333333333,0.47058823529411764
0.13333333333333333,0.47058823529411764
0.13333333333333333,0.47058823529411764
0.13333333333333333,0.47058823529411764
0.13333333333333333,0.47058823529411764
0.13333333333333333,0.47058823529411764
0.13333333333333333,0.47058823529411764
0.13333333333333333,0.47058823529411764
0.13333333333333333,0.4444444444444444
0.13333333333333333,0.4444444444444444
0.13333333333333333,0.42105263157894735
0.13333333333333333,0.42105263157894735
0.15,0.45
0.15,0.45
0.16666666666666666,0.47619047619047616
0.16666666666666666,0.47619047619047616
0.16666666666666666,0.45454545454545453
0.18333333333333332,0.4782608695652174
0.18333333333333332,0.4583333333333333
0.18333333333333332,0.4583333333333333
0.18333333333333332,0.4583333333333333
0.18333333333333332,0.4583333333333333
0.18333333333333332,0.44
0.18333333333333332,0.44
0.18333333333333332,0.44
0.18333333333333332,0.44
0.18333333333333332,0.44
0.2,0.46153846153846156
0.21666666666666667,0.48148148148148145
0.21666666666666667,0.48148148148148145
0.21666666666666667,0.48148148148148145
0.23333333333333334,0.5
0.23333333333333334,0.5
0.25,0.5172413793103449
0.25,0.5172413793103449
0.25,0.5172413793103449
0.25,0.5172413793103449
0.25,0.5172413793103449
0.25,0.5172413793103449
0.25,0.5172413793103449
0.25,0.5172413793103449
0.25,0.5172413793103449
0.25,0.5
0.25,0.5
0.25,0.5
0.25,0.4838709677419355
0.25,0.4838709677419355
0.25,0.4838709677419355
0.26666666666666666,0.5
0.26666666666666666,0.5
0.26666666666666666,0.5
0.26666666666666666,0.48484848484848486
0.26666666666666666,0.48484848484848486
0.26666666666666666,0.47058823529411764
0.26666666666666666,0.47058823529411764
0.26666666666666666,0.47058823529411764
0.26666666666666666,0.47058823529411764
0.26666666666666666,0.47058823529411764
0.26666666666666666,0.47058823529411764
0.26666666666666666,0.47058823529411764
0.26666666666666666,0.47058823529411764
0.26666666666666666,0.47058823529411764
0.26666666666666666,0.47058823529411764
0.26666666666666666,0.45714285714285713
0.26666666666666666,0.45714285714285713
0.26666666666666666,0.45714285714285713
0.26666666666666666,0.45714285714285713
0.26666666666666666,0.45714285714285713
0.2833333333333333,0.4722222222222222
0.2833333333333333,0.4722222222222222
0.2833333333333333,0.4722222222222222
0.2833333333333333,0.4722222222222222
0.2833333333333333,0.4722222222222222
0.2833333333333333,0.4722222222222222
0.2833333333333333,0.4722222222222222
0.2833333333333333,0.4594594594594595
0.3,0.47368421052631576
0.3,0.47368421052631576
0.3,0.47368421052631576
0.3,0.47368421052631576
0.3,0.47368421052631576
0.3,0.47368421052631576
0.3,0.47368421052631576
0.3,0.46153846153846156
0.3,0.46153846153846156
0.3,0.46153846153846156
0.3,0.46153846153846156
0.3,0.46153846153846156
0.31666666666666665,0.475
0.31666666666666665,0.475
0.31666666666666665,0.4634146341463415
0.31666666666666665,0.4634146341463415
0.31666666666666665,0.4634146341463415
0.31666666666666665,0.4523809523809524
0.31666666666666665,0.4523809523809524
0.31666666666666665,0.4523809523809524
0.31666666666666665,0.4523809523809524
0.31666666666666665,0.4523809523809524
0.31666666666666665,0.4523809523809524
0.31666666666666665,0.4523809523809524
0.31666666666666665,0.4523809523809524
0.31666666666666665,0.4523809523809524
0.31666666666666665,0.4523809523809524
0.31666666666666665,0.4523809523809524
0.31666666666666665,0.4523809523809524
0.31666666666666665,0.4523809523809524
0.3333333333333333,0.46511627906976744
0.3333333333333333,0.45454545454545453
0.3333333333333333,0.45454545454545453
0.3333333333333333,0.45454545454545453
0.3333333333333333,0.45454545454545453
0.3333333333333333,0.45454545454545453
0.3333333333333333,0.45454545454545453
0.3333333333333333,0.45454545454545453
0.3333333333333333,0.45454545454545453
0.3333333333333333,0.45454545454545453
0.3333333333333333,0.45454545454545453
0.3333333333333333,0.45454545454545453
0.3333333333333333,0.45454545454545453
0.35,0.4666666666666667
0.36666666666666664,0.4782608695652174
0.36666666666666664,0.4782608695652174
0.36666666666666664,0.4782608695652174
0.36666666666666664,0.4782608695652174
0.36666666666666664,0.4782608695652174
0.36666666666666664,0.4782608695652174
0.36666666666666664,0.46808510638297873
0.36666666666666664,0.46808510638297873
0.36666666666666664,0.46808510638297873
0.36666666666666664,0.46808510638297873
0.36666666666666664,0.46808510638297873
0.36666666666666664,0.46808510638297873
0.36666666666666664,0.46808510638297873
0.36666666666666664,0.46808510638297873
0.36666666666666664,0.46808510638297873
0.36666666666666664,0.4583333333333333
0.36666666666666664,0.4489795918367347
0.36666666666666664,0.44
0.36666666666666664,0.44
0.36666666666666664,0.44
0.36666666666666664,0.44
0.36666666666666664,0.44
0.36666666666666664,0.43137254901960786
0.36666666666666664,0.43137254901960786
0.36666666666666664,0.43137254901960786
0.36666666666666664,0.43137254901960786
0.36666666666666664,0.43137254901960786
0.36666666666666664,0.43137254901960786
0.36666666666666664,0.43137254901960786
0.36666666666666664,0.43137254901960786
0.36666666666666664,0.43137254901960786
0.36666666666666664,0.43137254901960786
0.36666666666666664,0.43137254901960786
0.36666666666666664,0.43137254901960786
0.36666666666666664,0.43137254901960786
0.36666666666666664,0.43137254901960786
0.36666666666666664,0.43137254901960786
0.36666666666666664,0.43137254901960786
0.36666666666666664,0.43137254901960786
0.36666666666666664,0.43137254901960786
0.36666666666666664,0.43137254901960786
0.36666666666666664,0.43137254901960786
0.36666666666666664,0.43137254901960786
0.36666666666666664,0.4230769230769231
0.36666666666666664,0.4230769230769231
0.36666666666666664,0.4230769230769231
0.36666666666666664,0.4230769230769231
0.36666666666666664,0.4230769230769231
0.38333333333333336,0.4339622641509434
0.38333333333333336,0.4339622641509434
0.4,0.4444444444444444
0.4,0.4444444444444444
0.4166666666666667,0.45454545454545453
0.4166666666666667,0.44642857142857145
0.4166666666666667,0.44642857142857145
0.4166666666666667,0.43859649122807015
0.4166666666666667,0.43859649122807015
0.4166666666666667,0.43859649122807015
0.4166666666666667,0.43859649122807015
0.43333333333333335,0.4482758620689655
0.43333333333333335,0.4482758620689655
0.43333333333333335,0.4482758620689655
0.43333333333333335,0.4406779661016949
0.43333333333333335,0.4406779661016949
0.43333333333333335,0.4406779661016949
0.45,0.45
0.45,0.4426229508196721
0.45,0.4426229508196721
0.45,0.43548387096774194
0.45,0.43548387096774194
0.45,0.43548387096774194
0.45,0.43548387096774194
0.45,0.43548387096774194
0.45,0.42857142857142855
0.45,0.42857142857142855
0.45,0.42857142857142855
0.45,0.42857142857142855
0.4666666666666667,0.4375
0.4666666666666667,0.4307692307692308
0.4666666666666667,0.4307692307692308
0.4666666666666667,0.4307692307692308
0.4666666666666667,0.42424242424242425
0.4666666666666667,0.42424242424242425
0.4666666666666667,0.42424242424242425
0.4666666666666667,0.42424242424242425
0.4666666666666667,0.42424242424242425
0.4666666666666667,0.417910447761194
0.4666666666666667,0.417910447761194
0.4666666666666667,0.4117647058823529
0.4666666666666667,0.4117647058823529
0.4666666666666667,0.4117647058823529
0.4666666666666667,0.4057971014492754
0.4666666666666667,0.4057971014492754
0.48333333333333334,0.4142857142857143
0.48333333333333334,0.4142857142857143
0.48333333333333334,0.4142857142857143
0.48333333333333334,0.4142857142857143
0.48333333333333334,0.4142857142857143
0.48333333333333334,0.4142857142857143
0.48333333333333334,0.4142857142857143
0.48333333333333334,0.4142857142857143
0.48333333333333334,0.4142857142857143
0.48333333333333334,0.4142857142857143
0.48333333333333334,0.4142857142857143
0.48333333333333334,0.4142857142857143
0.48333333333333334,0.4142857142857143
0.48333333333333334,0.4142857142857143
0.48333333333333334,0.4142857142857143
0.48333333333333334,0.4142857142857143
0.48333333333333334,0.4142857142857143
0.48333333333333334,0.4142857142857143
0.48333333333333334,0.4142857142857143
0.48333333333333334,0.4142857142857143
0.5,0.4225352112676056
0.5,0.4225352112676056
0.5,0.4225352112676056
0.5,0.4225352112676056
0.5,0.4225352112676056
0.5,0.4225352112676056
0.5,0.4225352112676056
0.5,0.4166666666666667
0.5,0.410958904109589
0.5,0.410958904109589
0.5,0.410958904109589
0.5,0.410958904109589
0.5,0.410958904109589
0.5,0.410958904109589
0.5,0.410958904109589
0.5,0.410958904109589
0.5,0.410958904109589
0.5,0.410958904109589
0.5,0.410958904109589
0.5,0.410958904109589
0.5,0.410958904109589
0.5,0.410958904109589
0.5,0.410958904109589
0.5,0.410958904109589
0.5,0.410958904109589
0.5,0.40540540540540543
0.5,0.40540540540540543
0.5,0.40540540540540543
0.5,0.40540540540540543
0.5,0.40540540540540543
0.5,0.40540540540540543
0.5,0.4
0.5,0.39473684210526316
0.5,0.39473684210526316
0.5,0.39473684210526316
0.5,0.39473684210526316
0.5,0.38961038961038963
0.5,0.38961038961038963
0.5,0.38961038961038963
0.5166666666666667,0.3974358974358974
0.5166666666666667,0.3974358974358974
0.5166666666666667,0.3974358974358974
0.5166666666666667,0.3974358974358974
0.5166666666666667,0.3974358974358974
0.5166666666666667,0.3974358974358974
0.5166666666666667,0.3924050632911392
0.5166666666666667,0.3924050632911392
0.5166666666666667,0.3924050632911392
0.5166666666666667,0.3924050632911392
0.5166666666666667,0.3924050632911392
0.5166666666666667,0.3924050632911392
0.5166666666666667,0.3924050632911392
0.5166666666666667,0.3924050632911392
0.5166666666666667,0.3924050632911392
0.5166666666666667,0.3924050632911392
0.5166666666666667,0.3924050632911392
0.5166666666666667,0.3924050632911392
0.5166666666666667,0.3924050632911392
0.5166666666666667,0.3924050632911392
0.5166666666666667,0.3924050632911392
0.5166666666666667,0.3924050632911392
0.5166666666666667,0.3924050632911392
0.5166666666666667,0.3924050632911392
0.5166666666666667,0.3924050632911392
0.5166666666666667,0.3924050632911392
0.5166666666666667,0.3924050632911392
0.5166666666666667,0.3924050632911392
0.5166666666666667,0.3875
0.5166666666666667,0.3875
0.5166666666666667,0.3875
0.5333333333333333,0.3950617283950617
0.5333333333333333,0.3902439024390244
0.5333333333333333,0.3855421686746988
0.5333333333333333,0.3855421686746988
0.5333333333333333,0.3855421686746988
0.5333333333333333,0.3855421686746988
0.5333333333333333,0.3855421686746988
0.5333333333333333,0.38095238095238093
0.5333333333333333,0.38095238095238093
0.5333333333333333,0.38095238095238093
0.5333333333333333,0.38095238095238093
0.5333333333333333,0.38095238095238093
0.5333333333333333,0.38095238095238093
0.5333333333333333,0.38095238095238093
0.5333333333333333,0.38095238095238093
0.5333333333333333,0.38095238095238093
0.5333333333333333,0.38095238095238093
0.5333333333333333,0.38095238095238093
0.5333333333333333,0.38095238095238093
0.5333333333333333,0.38095238095238093
0.5333333333333333,0.3764705882352941
0.5333333333333333,0.3764705882352941
0.5333333333333333,0.3764705882352941
0.5333333333333333,0.3764705882352941
0.5333333333333333,0.3764705882352941
0.5333333333333333,0.37209302325581395
0.5333333333333333,0.37209302325581395
0.5333333333333333,0.37209302325581395
0.5333333333333333,0.37209302325581395
0.5333333333333333,0.37209302325581395
0.5333333333333333,0.37209302325581395
0.5333333333333333,0.37209302325581395
0.5333333333333333,0.37209302325581395
0.5333333333333333,0.37209302325581395
0.5333333333333333,0.37209302325581395
0.5333333333333333,0.37209302325581395
0.5333333333333333,0.367816091954023
0.5333333333333333,0.367816091954023
0.5333333333333333,0.36363636363636365
0.5333333333333333,0.36363636363636365
0.55,0.3707865168539326
0.55,0.3707865168539326
0.55,0.36666666666666664
0.55,0.3626373626373626
0.55,0.3626373626373626
0.55,0.3626373626373626
0.55,0.3626373626373626
0.55,0.3626373626373626
0.55,0.3626373626373626
0.55,0.3626373626373626
0.55,0.3626373626373626
0.55,0.3626373626373626
0.55,0.3626373626373626
0.55,0.358695652173913
0.55,0.358695652173913
0.55,0.358695652173913
0.55,0.358695652173913
0.55,0.3548387096774194
0.55,0.3548387096774194
0.55,0.3548387096774194
0.55,0.35106382978723405
0.55,0.3473684210526316
0.55,0.3473684210526316
0.55,0.34375
0.55,0.34375
0.55,0.34375
0.55,0.34375
0.55,0.3402061855670103
0.55,0.3402061855670103
0.55,0.3402061855670103
0.55,0.3402061855670103
0.55,0.3402061855670103
0.55,0.3402061855670103
0.55,0.3402061855670103
0.55,0.336734693877551
0.55,0.336734693877551
0.55,0.336734693877551
0.55,0.3333333333333333
0.55,0.3333333333333333
0.55,0.33
0.55,0.33
0.55,0.33
0.55,0.33
0.5666666666666667,0.33663366336633666
0.5666666666666667,0.33663366336633666
0.5666666666666667,0.33663366336633666
0.5666666666666667,0.3333333333333333
0.5666666666666667,0.3333333333333333
0.5666666666666667,0.3333333333333333
0.5666666666666667,0.3333333333333333
0.5666666666666667,0.3333333333333333
0.5666666666666667,0.3333333333333333
0.5666666666666667,0.3333333333333333
0.5666666666666667,0.3333333333333333
0.5666666666666667,0.3333333333333333
0.5666666666666667,0.3333333333333333
0.5833333333333334,0.33980582524271846
0.5833333333333334,0.33980582524271846
0.5833333333333334,0.33980582524271846
0.5833333333333334,0.33980582524271846
0.5833333333333334,0.33653846153846156
0.5833333333333334,0.33653846153846156
0.5833333333333334,0.33653846153846156
0.6,0.34285714285714286
0.6,0.34285714285714286
0.6,0.34285714285714286
0.6,0.34285714285714286
0.6,0.33962264150943394
0.6,0.33962264150943394
0.6,0.33962264150943394
0.6,0.33962264150943394
0.6,0.3364485981308411
0.6,0.3364485981308411
0.6,0.3364485981308411
0.6,0.3364485981308411
0.6,0.3364485981308411
0.6,0.3364485981308411
0.6,0.3333333333333333
0.6,0.3333333333333333
0.6,0.3333333333333333
0.6,0.3302752293577982
0.6,0.32727272727272727
0.6,0.32727272727272727
0.6,0.32432432432432434
0.6,0.32432432432432434
0.6,0.32432432432432434
0.6,0.32432432432432434
0.6,0.32142857142857145
0.6166666666666667,0.3274336283185841
0.6166666666666667,0.3274336283185841
0.6166666666666667,0.3274336283185841
0.6166666666666667,0.3274336283185841
0.6166666666666667,0.3274336283185841
0.6166666666666667,0.3274336283185841
0.6166666666666667,0.3274336283185841
0.6166666666666667,0.3274336283185841
0.6166666666666667,0.3274336283185841
0.6166666666666667,0.3274336283185841
0.6166666666666667,0.3274336283185841
0.6166666666666667,0.3274336283185841
0.6166666666666667,0.32456140350877194
0.6166666666666667,0.32456140350877194
0.6166666666666667,0.32456140350877194
0.6166666666666667,0.3217391304347826
0.6166666666666667,0.3217391304347826
0.6166666666666667,0.3217391304347826
0.6166666666666667,0.3217391304347826
0.6166666666666667,0.3217391304347826
0.6166666666666667,0.3217391304347826
0.6166666666666667,0.3217391304347826
0.6333333333333333,0.3275862068965517
0.6333333333333333,0.3275862068965517
0.6333333333333333,0.3275862068965517
0.6333333333333333,0.3275862068965517
0.6333333333333333,0.3275862068965517
0.6333333333333333,0.3275862068965517
0.6333333333333333,0.3275862068965517
0.6333333333333333,0.3275862068965517
0.6333333333333333,0.3275862068965517
0.6333333333333333,0.3275862068965517
0.6333333333333333,0.3275862068965517
0.6333333333333333,0.3275862068965517
0.6333333333333333,0.3275862068965517
0.6333333333333333,0.3275862068965517
0.6333333333333333,0.3275862068965517
0.6333333333333333,0.3275862068965517
0.6333333333333333,0.3275862068965517
0.6333333333333333,0.3247863247863248
0.6333333333333333,0.3247863247863248
0.6333333333333333,0.3220338983050847
0.6333333333333333,0.3220338983050847
0.6333333333333333,0.3220338983050847
0.6333333333333333,0.3220338983050847
0.6333333333333333,0.3220338983050847
0.6333333333333333,0.3220338983050847
0.6333333333333333,0.3220338983050847
0.6333333333333333,0.3220338983050847
0.6333333333333333,0.3220338983050847
0.6333333333333333,0.3220338983050847
0.6333333333333333,0.3220338983050847
0.6333333333333333,0.3220338983050847
0.6333333333333333,0.3220338983050847
0.6333333333333333,0.3220338983050847
0.6333333333333333,0.3220338983050847
0.6333333333333333,0.3220338983050847
0.6333333333333333,0.3220338983050847
0.65,0.3277310924369748
0.65,0.3277310924369748
0.65,0.3277310924369748
0.65,0.3277310924369748
0.65,0.3277310924369748
0.65,0.3277310924369748
0.6666666666666666,0.3333333333333333
0.6666666666666666,0.3333333333333333
0.6666666666666666,0.3333333333333333
0.6666666666666666,0.3333333333333333
0.6666666666666666,0.3333333333333333
0.6666666666666666,0.3305785123966942
0.6666666666666666,0.3305785123966942
0.6666666666666666,0.3305785123966942
0.6666666666666666,0.32786885245901637
0.6666666666666666,0.32786885245901637
0.6666666666666666,0.32786885245901637
0.6666666666666666,0.32786885245901637
0.6666666666666666,0.32786885245901637
0.6666666666666666,0.32786885245901637
0.6833333333333333,0.3333333333333333
0.6833333333333333,0.3333333333333333
0.6833333333333333,0.3333333333333333
0.6833333333333333,0.3333333333333333
0.6833333333333333,0.3333333333333333
0.6833333333333333,0.3333333333333333
0.6833333333333333,0.3333333333333333
0.6833333333333333,0.3333333333333333
0.6833333333333333,0.33064516129032256
0.6833333333333333,0.33064516129032256
0.6833333333333333,0.33064516129032256
0.6833333333333333,0.33064516129032256
0.6833333333333333,0.33064516129032256
0.6833333333333333,0.328
0.6833333333333333,0.328
0.6833333333333333,0.328
0.6833333333333333,0.328
0.6833333333333333,0.3253968253968254
0.6833333333333333,0.3228346456692913
0.6833333333333333,0.3228346456692913
0.6833333333333333,0.3203125
0.7,0.32558139534883723
0.7,0.32558139534883723
0.7,0.32558139534883723
0.7,0.32558139534883723
0.7,0.32558139534883723
0.7,0.32558139534883723
0.7,0.3230769230769231
0.7,0.3230769230769231
0.7,0.32061068702290074
0.7,0.32061068702290074
0.7,0.32061068702290074
0.7,0.32061068702290074
0.7166666666666667,0.32575757575757575
0.7166666666666667,0.32575757575757575
0.7166666666666667,0.32575757575757575
0.7166666666666667,0.32575757575757575
0.7166666666666667,0.32575757575757575
0.7166666666666667,0.3233082706766917
0.7166666666666667,0.3208955223880597
0.7166666666666667,0.31851851851851853
0.7166666666666667,0.31851851851851853
0.7166666666666667,0.3161764705882353
0.7166666666666667,0.31386861313868614
0.7166666666666667,0.31386861313868614
0.7166666666666667,0.3115942028985507
0.7166666666666667,0.3115942028985507
0.7166666666666667,0.3115942028985507
0.7166666666666667,0.30935251798561153
0.7166666666666667,0.30935251798561153
0.7166666666666667,0.30714285714285716
0.7166666666666667,0.30714285714285716
0.7166666666666667,0.30714285714285716
0.7166666666666667,0.30714285714285716
0.7166666666666667,0.30714285714285716
0.7166666666666667,0.30714285714285716
0.7166666666666667,0.30714285714285716
0.7166666666666667,0.30714285714285716
0.7333333333333333,0.3120567375886525
0.7333333333333333,0.3120567375886525
0.7333333333333333,0.3120567375886525
0.7333333333333333,0.3120567375886525
0.7333333333333333,0.3120567375886525
0.7333333333333333,0.30985915492957744
0.7333333333333333,0.30985915492957744
0.7333333333333333,0.30985915492957744
0.7333333333333333,0.30985915492957744
0.7333333333333333,0.30985915492957744
0.7333333333333333,0.30985915492957744
0.7333333333333333,0.30985915492957744
0.7333333333333333,0.30985915492957744
0.7333333333333333,0.30985915492957744
0.7333333333333333,0.30985915492957744
0.7333333333333333,0.3076923076923077
0.75,0.3125
0.75,0.3103448275862069
0.75,0.3103448275862069
0.75,0.3103448275862069
0.75,0.3103448275862069
0.75,0.3103448275862069
0.75,0.3082191780821918
0.75,0.3082191780821918
0.75,0.3082191780821918
0.75,0.3082191780821918
0.75,0.3082191780821918
0.75,0.3082191780821918
0.75,0.3082191780821918
0.75,0.3082191780821918
0.75,0.3082191780821918
0.75,0.3082191780821918
0.75,0.30612244897959184
0.75,0.30612244897959184
0.75,0.30612244897959184
0.75,0.30612244897959184
0.75,0.30612244897959184
0.75,0.30612244897959184
0.75,0.30612244897959184
0.75,0.30612244897959184
0.75,0.30405405405405406
0.75,0.30201342281879195
0.75,0.3
0.75,0.3
0.75,0.3
0.75,0.3
0.75,0.3
0.75,0.3
0.75,0.2980132450331126
0.75,0.2980132450331126
0.75,0.2980132450331126
0.75,0.2980132450331126
0.75,0.2980132450331126
0.75,0.2980132450331126
0.75,0.29605263157894735
0.75,0.29605263157894735
0.75,0.29411764705882354
0.75,0.29411764705882354
0.75,0.29411764705882354
0.75,0.2922077922077922
0.75,0.2903225806451613
0.75,0.2903225806451613
0.75,0.2903225806451613
0.75,0.2903225806451613
0.75,0.2903225806451613
0.75,0.2903225806451613
0.75,0.2903225806451613
0.75,0.28846153846153844
0.75,0.28846153846153844
0.75,0.28846153846153844
0.75,0.28846153846153844
0.75,0.28662420382165604
0.75,0.28662420382165604
0.75,0.28662420382165604
0.75,0.2848101265822785
0.75,0.2830188679245283
0.75,0.2830188679245283
0.75,0.28125
0.75,0.2795031055900621
0.75,0.2795031055900621
0.75,0.2795031055900621
0.75,0.2795031055900621
0.75,0.2795031055900621
0.75,0.2795031055900621
0.75,0.2777777777777778
0.75,0.2777777777777778
0.75,0.2777777777777778
0.75,0.2777777777777778
0.75,0.2777777777777778
0.75,0.2777777777777778
0.75,0.27607361963190186
0.75,0.27607361963190186
0.75,0.27607361963190186
0.75,0.27439024390243905
0.75,0.2727272727272727
0.75,0.2727272727272727
0.75,0.2727272727272727
0.75,0.2727272727272727
0.75,0.2727272727272727
0.75,0.2727272727272727
0.75,0.2727272727272727
0.75,0.2710843373493976
0.75,0.2710843373493976
0.75,0.2694610778443114
0.75,0.26785714285714285
0.75,0.26785714285714285
0.75,0.26785714285714285
0.75,0.26785714285714285
0.75,0.26785714285714285
0.75,0.26785714285714285
0.75,0.26785714285714285
0.75,0.26785714285714285
0.75,0.26785714285714285
0.75,0.26785714285714285
0.75,0.26785714285714285
0.75,0.26785714285714285
0.75,0.26785714285714285
0.75,0.26785714285714285
0.75,0.26785714285714285
0.75,0.26627218934911245
0.75,0.2647058823529412
0.75,0.2647058823529412
0.75,0.2647058823529412
0.75,0.2647058823529412
0.75,0.2647058823529412
0.75,0.2647058823529412
0.75,0.2647058823529412
0.75,0.2647058823529412
0.75,0.2647058823529412
0.75,0.2631578947368421
0.75,0.2616279069767442
0.75,0.2616279069767442
0.75,0.2616279069767442
0.75,0.2616279069767442
0.75,0.2616279069767442
0.75,0.26011560693641617
0.75,0.26011560693641617
0.75,0.26011560693641617
0.75,0.26011560693641617
0.75,0.25862068965517243
0.75,0.25862068965517243
0.75,0.25862068965517243
0.75,0.25862068965517243
0.75,0.25862068965517243
0.75,0.2571428571428571
0.75,0.2571428571428571
0.75,0.2571428571428571
0.75,0.2571428571428571
0.75,0.2571428571428571
0.75,0.2571428571428571
0.75,0.2571428571428571
0.75,0.2556818181818182
0.75,0.2542372881355932
0.75,0.2542372881355932
0.75,0.2542372881355932
0.75,0.2542372881355932
0.75,0.2542372881355932
0.75,0.2542372881355932
0.75,0.2542372881355932
0.75,0.2542372881355932
0.75,0.25280898876404495
0.75,0.25139664804469275
0.75,0.25139664804469275
0.75,0.25139664804469275
0.75,0.25139664804469275
0.75,0.25139664804469275
0.75,0.25
0.75,0.25
0.75,0.25
0.75,0.24861878453038674
0.75,0.24861878453038674
0.75,0.24861878453038674
0.75,0.24725274725274726
0.75,0.24725274725274726
0.75,0.24725274725274726
0.75,0.24725274725274726
0.75,0.24725274725274726
0.75,0.24725274725274726
0.75,0.24725274725274726
0.75,0.2459016393442623
0.75,0.24456521739130435
0.75,0.24456521739130435
0.75,0.24324324324324326
0.75,0.24324324324324326
0.75,0.24324324324324326
0.75,0.24324324324324326
0.75,0.24324324324324326
0.75,0.24193548387096775
0.75,0.24193548387096775
0.75,0.24193548387096775
0.75,0.24193548387096775
0.75,0.24193548387096775
0.75,0.24064171122994651
0.75,0.24064171122994651
0.75,0.24064171122994651
0.75,0.24064171122994651
0.75,0.2393617021276596
0.75,0.2393617021276596
0.75,0.2393617021276596
0.75,0.2393617021276596
0.75,0.2393617021276596
0.75,0.2393617021276596
0.75,0.2393617021276596
0.75,0.2393617021276596
0.75,0.2393617021276596
0.75,0.2393617021276596
0.75,0.2393617021276596
0.75,0.23809523809523808
0.75,0.23809523809523808
0.75,0.23809523809523808
0.75,0.23809523809523808
0.75,0.23684210526315788
0.75,0.2356020942408377
0.75,0.2356020942408377
0.75,0.2356020942408377
0.75,0.2356020942408377
0.75,0.2356020942408377
0.75,0.234375
0.75,0.234375
0.75,0.234375
0.75,0.234375
0.7666666666666667,0.23834196891191708
0.7666666666666667,0.23834196891191708
0.7666666666666667,0.23834196891191708
0.7666666666666667,0.23834196891191708
0.7666666666666667,0.23834196891191708
0.7666666666666667,0.23834196891191708
0.7666666666666667,0.23834196891191708
0.7666666666666667,0.23834196891191708
0.7666666666666667,0.23834196891191708
0.7666666666666667,0.23834196891191708
0.7666666666666667,0.23834196891191708
0.7666666666666667,0.23834196891191708
0.7666666666666667,0.23834196891191708
0.7666666666666667,0.23711340206185566
0.7666666666666667,0.2358974358974359
0.7666666666666667,0.2358974358974359
0.7666666666666667,0.2358974358974359
0.7666666666666667,0.2358974358974359
0.7666666666666667,0.23469387755102042
0.7666666666666667,0.233502538071066
0.7666666666666667,0.23232323232323232
0.7666666666666667,0.23232323232323232
0.7666666666666667,0.23232323232323232
0.7666666666666667,0.23232323232323232
0.7666666666666667,0.23232323232323232
0.7666666666666667,0.23232323232323232
0.7666666666666667,0.23115577889447236
0.7666666666666667,0.23115577889447236
0.7666666666666667,0.23
0.7666666666666667,0.22885572139303484
0.7666666666666667,0.22885572139303484
0.7666666666666667,0.22885572139303484
0.7666666666666667,0.22885572139303484
0.7666666666666667,0.22885572139303484
0.7666666666666667,0.22772277227722773
0.7666666666666667,0.22660098522167488
0.7666666666666667,0.22660098522167488
0.7666666666666667,0.22660098522167488
0.7666666666666667,0.22660098522167488
0.7666666666666667,0.22549019607843138
0.7833333333333333,0.22926829268292684
0.7833333333333333,0.22815533980582525
0.7833333333333333,0.22815533980582525
0.7833333333333333,0.22815533980582525
0.7833333333333333,0.22705314009661837
0.7833333333333333,0.22705314009661837
0.7833333333333333,0.22705314009661837
0.7833333333333333,0.22705314009661837
0.7833333333333333,0.22705314009661837
0.7833333333333333,0.22596153846153846
0.7833333333333333,0.22596153846153846
0.7833333333333333,0.22596153846153846
0.7833333333333333,0.22596153846153846
0.7833333333333333,0.22488038277511962
0.7833333333333333,0.22488038277511962
0.7833333333333333,0.22488038277511962
0.7833333333333333,0.22488038277511962
0.7833333333333333,0.22488038277511962
0.7833333333333333,0.22488038277511962
0.7833333333333333,0.22488038277511962
0.7833333333333333,0.22488038277511962
0.7833333333333333,0.22488038277511962
0.7833333333333333,0.22380952380952382
0.7833333333333333,0.22380952380952382
0.7833333333333333,0.22380952380952382
0.7833333333333333,0.22380952380952382
0.7833333333333333,0.22380952380952382
0.7833333333333333,0.22380952380952382
0.7833333333333333,0.22380952380952382
0.7833333333333333,0.22274881516587677
0.7833333333333333,0.22274881516587677
0.7833333333333333,0.22274881516587677
0.7833333333333333,0.22274881516587677
0.7833333333333333,0.22274881516587677
0.7833333333333333,0.22274881516587677
0.7833333333333333,0.22274881516587677
0.7833333333333333,0.22274881516587677
0.7833333333333333,0.22274881516587677
0.7833333333333333,0.22169811320754718
0.7833333333333333,0.22169811320754718
0.7833333333333333,0.22169811320754718
0.7833333333333333,0.22169811320754718
0.7833333333333333,0.22169811320754718
0.7833333333333333,0.22169811320754718
0.7833333333333333,0.22169811320754718
0.7833333333333333,0.22169811320754718
0.7833333333333333,0.22169811320754718
0.7833333333333333,0.22169811320754718
0.7833333333333333,0.22169811320754718
0.7833333333333333,0.22169811320754718
0.7833333333333333,0.22065727699530516
0.7833333333333333,0.22065727699530516
0.7833333333333333,0.22065727699530516
0.7833333333333333,0.22065727699530516
0.7833333333333333,0.21962616822429906
0.7833333333333333,0.21962616822429906
0.7833333333333333,0.21962616822429906
0.7833333333333333,0.21962616822429906
0.7833333333333333,0.21962616822429906
0.8,0.22325581395348837
0.8,0.22325581395348837
0.8,0.2222222222222222
0.8,0.2222222222222222
0.8,0.2222222222222222
0.8,0.2222222222222222
0.8,0.22119815668202766
0.8,0.22119815668202766
0.8,0.22119815668202766
0.8,0.22119815668202766
0.8,0.22119815668202766
0.8,0.22018348623853212
0.8,0.22018348623853212
0.8,0.22018348623853212
0.8,0.22018348623853212
0.8,0.2191780821917808
0.8,0.2191780821917808
0.8,0.2191780821917808
0.8,0.2191780821917808
0.8,0.2191780821917808
0.8,0.2191780821917808
0.8166666666666667,0.22272727272727272
0.8166666666666667,0.22171945701357465
0.8166666666666667,0.22171945701357465
0.8166666666666667,0.22171945701357465
0.8166666666666667,0.22171945701357465
0.8166666666666667,0.22171945701357465
0.8166666666666667,0.22171945701357465
0.8166666666666667,0.22171945701357465
0.8166666666666667,0.22171945701357465
0.8166666666666667,0.22171945701357465
0.8166666666666667,0.22171945701357465
0.8166666666666667,0.22171945701357465
0.8166666666666667,0.22171945701357465
0.8166666666666667,0.22171945701357465
0.8166666666666667,0.22171945701357465
0.8166666666666667,0.22072072072072071
0.8166666666666667,0.21973094170403587
0.8166666666666667,0.21875
0.8166666666666667,0.21875
0.8166666666666667,0.21875
0.8166666666666667,0.21875
0.8166666666666667,0.21875
0.8166666666666667,0.21875
0.8166666666666667,0.21875
0.8166666666666667,0.21875
0.8166666666666667,0.21875
0.8166666666666667,0.21875
0.8166666666666667,0.21777777777777776
0.8166666666666667,0.21777777777777776
0.8166666666666667,0.2168141592920354
0.8166666666666667,0.2168141592920354
0.8166666666666667,0.21585903083700442
0.8166666666666667,0.21585903083700442
0.8166666666666667,0.21585903083700442
0.8166666666666667,0.21585903083700442
0.8166666666666667,0.2149122807017544
0.8166666666666667,0.2149122807017544
0.8166666666666667,0.2149122807017544
0.8166666666666667,0.21397379912663755
0.8166666666666667,0.21397379912663755
0.8166666666666667,0.21397379912663755
0.8166666666666667,0.21397379912663755
0.8166666666666667,0.21397379912663755
0.8166666666666667,0.21397379912663755
0.8166666666666667,0.21397379912663755
0.8166666666666667,0.21397379912663755
0.8166666666666667,0.21397379912663755
0.8166666666666667,0.21397379912663755
0.8166666666666667,0.21397379912663755
0.8166666666666667,0.21397379912663755
0.8166666666666667,0.21397379912663755
0.8166666666666667,0.21397379912663755
0.8166666666666667,0.21397379912663755
0.8166666666666667,0.21397379912663755
0.8166666666666667,0.21304347826086956
0.8166666666666667,0.21304347826086956
0.8166666666666667,0.21304347826086956
0.8166666666666667,0.21212121212121213
0.8166666666666667,0.21212121212121213
0.8166666666666667,0.21212121212121213
0.8166666666666667,0.21212121212121213
0.8166666666666667,0.21212121212121213
0.8166666666666667,0.21212121212121213
0.8166666666666667,0.21212121212121213
0.8166666666666667,0.21212121212121213
0.8166666666666667,0.21120689655172414
0.8166666666666667,0.21030042918454936
0.8166666666666667,0.21030042918454936
0.8166666666666667,0.21030042918454936
0.8166666666666667,0.21030042918454936
0.8166666666666667,0.21030042918454936
0.8166666666666667,0.21030042918454936
0.8166666666666667,0.21030042918454936
0.8166666666666667,0.2094017094017094
0.8166666666666667,0.2094017094017094
0.8166666666666667,0.20851063829787234
0.8166666666666667,0.2076271186440678
0.8166666666666667,0.2076271186440678
0.8166666666666667,0.2076271186440678
0.8166666666666667,0.20675105485232068
0.8166666666666667,0.20675105485232068
0.8166666666666667,0.20675105485232068
0.8166666666666667,0.20675105485232068
0.8166666666666667,0.20588235294117646
0.8166666666666667,0.20588235294117646
0.8166666666666667,0.20588235294117646
0.8166666666666667,0.20588235294117646
0.8166666666666667,0.20588235294117646
0.8166666666666667,0.20588235294117646
0.8166666666666667,0.20588235294117646
0.8166666666666667,0.20502092050209206
0.8166666666666667,0.20502092050209206
0.8166666666666667,0.20502092050209206
0.8166666666666667,0.20416666666666666
0.8166666666666667,0.20416666666666666
0.8166666666666667,0.20416666666666666
0.8166666666666667,0.20416666666666666
0.8166666666666667,0.20416666666666666
0.8166666666666667,0.20416666666666666
0.8166666666666667,0.20416666666666666
0.8166666666666667,0.2033195020746888
0.8166666666666667,0.2033195020746888
0.8166666666666667,0.2033195020746888
0.8166666666666667,0.2033195020746888
0.8166666666666667,0.2024793388429752
0.8166666666666667,0.2024793388429752
0.8166666666666667,0.2024793388429752
0.8166666666666667,0.2024793388429752
0.8166666666666667,0.20164609053497942
0.8166666666666667,0.20081967213114754
0.8166666666666667,0.20081967213114754
0.8166666666666667,0.2
0.8166666666666667,0.1991869918699187
0.8166666666666667,0.19838056680161945
0.8166666666666667,0.19838056680161945
0.8166666666666667,0.19838056680161945
0.8166666666666667,0.19838056680161945
0.8166666666666667,0.19838056680161945
0.8166666666666667,0.19838056680161945
0.8166666666666667,0.19838056680161945
0.8166666666666667,0.1975806451612903
0.8166666666666667,0.1975806451612903
0.8166666666666667,0.1975806451612903
0.8166666666666667,0.1975806451612903
0.8166666666666667,0.1975806451612903
0.8166666666666667,0.1975806451612903
0.8166666666666667,0.1975806451612903
0.8166666666666667,0.1975806451612903
0.8166666666666667,0.1975806451612903
0.8166666666666667,0.1975806451612903
0.8166666666666667,0.1975806451612903
0.8166666666666667,0.1975806451612903
0.8166666666666667,0.1975806451612903
0.8166666666666667,0.1975806451612903
0.8166666666666667,0.1975806451612903
0.8166666666666667,0.1975806451612903
0.8166666666666667,0.1975806451612903
0.8166666666666667,0.1975806451612903
0.8166666666666667,0.19678714859437751
0.8166666666666667,0.19678714859437751
0.8166666666666667,0.19678714859437751
0.8166666666666667,0.19678714859437751
0.8166666666666667,0.19678714859437751
0.8166666666666667,0.19678714859437751
0.8166666666666667,0.19678714859437751
0.8166666666666667,0.19678714859437751
0.8166666666666667,0.19678714859437751
0.8166666666666667,0.19678714859437751
0.8166666666666667,0.19678714859437751
0.8166666666666667,0.196
0.8166666666666667,0.196
0.8166666666666667,0.1952191235059761
0.8166666666666667,0.1952191235059761
0.8166666666666667,0.1952191235059761
0.8166666666666667,0.1952191235059761
0.8166666666666667,0.1952191235059761
0.8166666666666667,0.1952191235059761
0.8166666666666667,0.1952191235059761
0.8166666666666667,0.1952191235059761
0.8166666666666667,0.1952191235059761
0.8166666666666667,0.1952191235059761
0.8166666666666667,0.1952191235059761
0.8166666666666667,0.1952191235059761
0.8166666666666667,0.1952191235059761
0.8166666666666667,0.19444444444444445
0.8166666666666667,0.19444444444444445
0.8166666666666667,0.19444444444444445
0.8166666666666667,0.19444444444444445
0.8166666666666667,0.19444444444444445
0.8166666666666667,0.19444444444444445
0.8166666666666667,0.19444444444444445
0.8166666666666667,0.19444444444444445
0.8166666666666667,0.19444444444444445
0.8166666666666667,0.19367588932806323
0.8166666666666667,0.19291338582677164
0.8166666666666667,0.19291338582677164
0.8166666666666667,0.19291338582677164
0.8166666666666667,0.19291338582677164
0.8166666666666667,0.19291338582677164
0.8166666666666667,0.19291338582677164
0.8166666666666667,0.19291338582677164
0.8166666666666667,0.19291338582677164
0.8166666666666667,0.19291338582677164
0.8166666666666667,0.19291338582677164
0.8166666666666667,0.19291338582677164
0.8166666666666667,0.19291338582677164
0.8166666666666667,0.19291338582677164
0.8166666666666667,0.19291338582677164
0.8166666666666667,0.19291338582677164
0.8166666666666667,0.19291338582677164
0.8166666666666667,0.19291338582677164
0.8166666666666667,0.19215686274509805
0.8166666666666667,0.19215686274509805
0.8166666666666667,0.19215686274509805
0.8166666666666667,0.19140625
0.8166666666666667,0.19140625
0.8166666666666667,0.19140625
0.8166666666666667,0.19140625
0.8166666666666667,0.19140625
0.8166666666666667,0.19140625
0.8166666666666667,0.19140625
0.8166666666666667,0.19140625
0.8166666666666667,0.19066147859922178
0.8166666666666667,0.19066147859922178
0.8166666666666667,0.19066147859922178
0.8166666666666667,0.19066147859922178
0.8166666666666667,0.19066147859922178
0.8166666666666667,0.19066147859922178
0.8166666666666667,0.19066147859922178
0.8166666666666667,0.19066147859922178
0.8166666666666667,0.19066147859922178
0.8166666666666667,0.19066147859922178
0.8166666666666667,0.19066147859922178
0.8166666666666667,0.19066147859922178
0.8166666666666667,0.19066147859922178
0.8166666666666667,0.19066147859922178
0.8166666666666667,0.19066147859922178
0.8166666666666667,0.19066147859922178
0.8166666666666667,0.19066147859922178
0.8166666666666667,0.19066147859922178
0.8166666666666667,0.18992248062015504
0.8166666666666667,0.1891891891891892
0.8166666666666667,0.1891891891891892
0.8166666666666667,0.1891891891891892
0.8166666666666667,0.1891891891891892
0.8166666666666667,0.1891891891891892
0.8166666666666667,0.1891891891891892
0.8166666666666667,0.1891891891891892
0.8166666666666667,0.1891891891891892
0.8166666666666667,0.1891891891891892
0.8166666666666667,0.1891891891891892
0.8166666666666667,0.1891891891891892
0.8166666666666667,0.1891891891891892
0.8166666666666667,0.1891891891891892
0.8166666666666667,0.1891891891891892
0.8166666666666667,0.1891891891891892
0.8166666666666667,0.1891891891891892
0.8166666666666667,0.1891891891891892
0.8166666666666667,0.1891891891891892
0.8166666666666667,0.1891891891891892
0.8166666666666667,0.1891891891891892
0.8166666666666667,0.1891891891891892
0.8166666666666667,0.1891891891891892
0.8166666666666667,0.1891891891891892
0.8166666666666667,0.1891891891891892
0.8166666666666667,0.1891891891891892
0.8166666666666667,0.1891891891891892
0.8166666666666667,0.1891891891891892
0.8166666666666667,0.18846153846153846
0.8166666666666667,0.18846153846153846
0.8166666666666667,0.18846153846153846
0.8166666666666667,0.18846153846153846
0.8166666666666667,0.18846153846153846
0.8166666666666667,0.18846153846153846
0.8166666666666667,0.18846153846153846
0.8166666666666667,0.18846153846153846
0.8166666666666667,0.18846153846153846
0.8166666666666667,0.18846153846153846
0.8166666666666667,0.18846153846153846
0.8166666666666667,0.18846153846153846
0.8166666666666667,0.18846153846153846
0.8166666666666667,0.18773946360153257
0.8166666666666667,0.18773946360153257
0.8166666666666667,0.18702290076335878
0.8166666666666667,0.18702290076335878
0.8166666666666667,0.18702290076335878
0.8166666666666667,0.18702290076335878
0.8166666666666667,0.18702290076335878
0.8166666666666667,0.18702290076335878
0.8166666666666667,0.18702290076335878
0.8166666666666667,0.18702290076335878
0.8166666666666667,0.18702290076335878
0.8166666666666667,0.18702290076335878
0.8166666666666667,0.18702290076335878
0.8166666666666667,0.18702290076335878
0.8166666666666667,0.18702290076335878
0.8166666666666667,0.18702290076335878
0.8166666666666667,0.18702290076335878
0.8166666666666667,0.18702290076335878
0.8166666666666667,0.18702290076335878
0.8166666666666667,0.18702290076335878
0.8166666666666667,0.18702290076335878
0.8166666666666667,0.18702290076335878
0.8166666666666667,0.18702290076335878
0.8166666666666667,0.18702290076335878
0.8166666666666667,0.18631178707224336
0.8166666666666667,0.18631178707224336
0.8166666666666667,0.18631178707224336
0.8166666666666667,0.18631178707224336
0.8166666666666667,0.18631178707224336
0.8166666666666667,0.18631178707224336
0.8166666666666667,0.18631178707224336
0.8166666666666667,0.18631178707224336
0.8166666666666667,0.18631178707224336
0.8166666666666667,0.1856060606060606
0.8166666666666667,0.1856060606060606
0.8166666666666667,0.1856060606060606
0.8166666666666667,0.1856060606060606
0.8166666666666667,0.1856060606060606
0.8166666666666667,0.1856060606060606
0.8166666666666667,0.1856060606060606
0.8166666666666667,0.1856060606060606
0.8166666666666667,0.1856060606060606
0.8166666666666667,0.1856060606060606
0.8166666666666667,0.1856060606060606
0.8166666666666667,0.1856060606060606
0.8166666666666667,0.1856060606060606
0.8166666666666667,0.1856060606060606
0.8166666666666667,0.18490566037735848
0.8166666666666667,0.18490566037735848
0.8166666666666667,0.18490566037735848
0.8166666666666667,0.18490566037735848
0.8166666666666667,0.18421052631578946
0.8166666666666667,0.18421052631578946
0.8166666666666667,0.18421052631578946
0.8166666666666667,0.18421052631578946
0.8166666666666667,0.18421052631578946
0.8166666666666667,0.18421052631578946
0.8166666666666667,0.18421052631578946
0.8166666666666667,0.18421052631578946
0.8166666666666667,0.18421052631578946
0.8166666666666667,0.18421052631578946
0.8166666666666667,0.18421052631578946
0.8166666666666667,0.18421052631578946
0.8166666666666667,0.18421052631578946
0.8166666666666667,0.18421052631578946
0.8166666666666667,0.18421052631578946
0.8166666666666667,0.18421052631578946
0.8166666666666667,0.18421052631578946
0.8166666666666667,0.18421052631578946
0.8166666666666667,0.18421052631578946
0.8166666666666667,0.18421052631578946
0.8166666666666667,0.18421052631578946
0.8166666666666667,0.18421052631578946
0.8166666666666667,0.18421052631578946
0.8166666666666667,0.18421052631578946
0.8166666666666667,0.18421052631578946
0.8166666666666667,0.18421052631578946
0.8166666666666667,0.18352059925093633
0.8166666666666667,0.18352059925093633
0.8166666666666667,0.18352059925093633
0.8166666666666667,0.18352059925093633
0.8166666666666667,0.1828358208955224
0.8166666666666667,0.1828358208955224
0.8166666666666667,0.1828358208955224
0.8166666666666667,0.1828358208955224
0.8166666666666667,0.1828358208955224
0.8166666666666667,0.1828358208955224
0.8166666666666667,0.1828358208955224
0.8166666666666667,0.1828358208955224
0.8166666666666667,0.1828358208955224
0.8166666666666667,0.1828358208955224
0.8166666666666667,0.1821561338289963
0.8166666666666667,0.1821561338289963
0.8166666666666667,0.1821561338289963
0.8166666666666667,0.1814814814814815
0.8166666666666667,0.1814814814814815
0.8166666666666667,0.18081180811808117
0.8166666666666667,0.18081180811808117
0.8166666666666667,0.18081180811808117
0.8166666666666667,0.1801470588235294
0.8166666666666667,0.1801470588235294
0.8166666666666667,0.1801470588235294
0.8166666666666667,0.1801470588235294
0.8166666666666667,0.1794871794871795
0.8166666666666667,0.1794871794871795
0.8166666666666667,0.1794871794871795
0.8166666666666667,0.1794871794871795
0.8166666666666667,0.1794871794871795
0.8166666666666667,0.1794871794871795
0.8166666666666667,0.1794871794871795
0.8166666666666667,0.1794871794871795
0.8166666666666667,0.1794871794871795
0.8166666666666667,0.1794871794871795
0.8166666666666667,0.17883211678832117
0.8166666666666667,0.17883211678832117
0.8166666666666667,0.17883211678832117
0.8166666666666667,0.17883211678832117
0.8166666666666667,0.1781818181818182
0.8166666666666667,0.17753623188405798
0.8166666666666667,0.17753623188405798
0.8166666666666667,0.17689530685920576
0.8166666666666667,0.17689530685920576
0.8166666666666667,0.17689530685920576
0.8166666666666667,0.17689530685920576
0.8166666666666667,0.17689530685920576
0.8166666666666667,0.17689530685920576
0.8166666666666667,0.17689530685920576
0.8166666666666667,0.17689530685920576
0.8166666666666667,0.17625899280575538
0.8166666666666667,0.17625899280575538
0.8166666666666667,0.17562724014336917
0.8166666666666667,0.17562724014336917
0.8166666666666667,0.175
0.8166666666666667,0.175
0.8166666666666667,0.175
0.8166666666666667,0.175
0.8166666666666667,0.175
0.8166666666666667,0.175
0.8166666666666667,0.17437722419928825
0.8166666666666667,0.17437722419928825
0.8166666666666667,0.17375886524822695
0.8166666666666667,0.17375886524822695
0.8166666666666667,0.17375886524822695
0.8166666666666667,0.17375886524822695
0.8166666666666667,0.17375886524822695
0.8166666666666667,0.17375886524822695
0.8166666666666667,0.17375886524822695
0.8166666666666667,0.17375886524822695
0.8166666666666667,0.17375886524822695
0.8166666666666667,0.17375886524822695
0.8166666666666667,0.17375886524822695
0.8166666666666667,0.17375886524822695
0.8166666666666667,0.17314487632508835
0.8166666666666667,0.17314487632508835
0.8166666666666667,0.17253521126760563
0.8166666666666667,0.17253521126760563
0.8166666666666667,0.17253521126760563
0.8166666666666667,0.17253521126760563
0.8166666666666667,0.17253521126760563
0.8166666666666667,0.17253521126760563
0.8166666666666667,0.17253521126760563
0.8166666666666667,0.17253521126760563
0.8166666666666667,0.17192982456140352
0.8166666666666667,0.17192982456140352
0.8166666666666667,0.17132867132867133
0.8166666666666667,0.17132867132867133
0.8166666666666667,0.17132867132867133
0.8166666666666667,0.17132867132867133
0.8166666666666667,0.17073170731707318
0.8166666666666667,0.17073170731707318
0.8166666666666667,0.17073170731707318
0.8166666666666667,0.17073170731707318
0.8166666666666667,0.17073170731707318
0.8166666666666667,0.17073170731707318
0.8166666666666667,0.17073170731707318
0.8166666666666667,0.17073170731707318
0.8166666666666667,0.17073170731707318
0.8166666666666667,0.17073170731707318
0.8166666666666667,0.17073170731707318
0.8166666666666667,0.17073170731707318
0.8166666666666667,0.1701388888888889
0.8166666666666667,0.1701388888888889
0.8166666666666667,0.1701388888888889
0.8166666666666667,0.1701388888888889
0.8166666666666667,0.1701388888888889
0.8166666666666667,0.1701388888888889
0.8166666666666667,0.1701388888888889
0.8166666666666667,0.1701388888888889
0.8166666666666667,0.1701388888888889
0.8166666666666667,0.1701388888888889
0.8166666666666667,0.1701388888888889
0.8166666666666667,0.1701388888888889
0.8166666666666667,0.1701388888888889
0.8166666666666667,0.1701388888888889
0.8166666666666667,0.1701388888888889
0.8166666666666667,0.1701388888888889
0.8166666666666667,0.1701388888888889
0.8166666666666667,0.1701388888888889
0.8166666666666667,0.1695501730103806
0.8166666666666667,0.1695501730103806
0.8166666666666667,0.1695501730103806
0.8166666666666667,0.1695501730103806
0.8166666666666667,0.1695501730103806
0.8166666666666667,0.1695501730103806
0.8166666666666667,0.16896551724137931
0.8166666666666667,0.16838487972508592
0.8166666666666667,0.1678082191780822
0.8166666666666667,0.1678082191780822
0.8166666666666667,0.1678082191780822
0.8166666666666667,0.1678082191780822
0.8166666666666667,0.1678082191780822
0.8166666666666667,0.16723549488054607
0.8166666666666667,0.16723549488054607
0.8166666666666667,0.16723549488054607
0.8166666666666667,0.16723549488054607
0.8166666666666667,0.16666666666666666
0.8166666666666667,0.16666666666666666
0.8166666666666667,0.16610169491525423
0.8166666666666667,0.16610169491525423
0.8166666666666667,0.16610169491525423
0.8166666666666667,0.16554054054054054
0.8166666666666667,0.16554054054054054
0.8166666666666667,0.16498316498316498
0.8166666666666667,0.16498316498316498
0.8166666666666667,0.16498316498316498
0.8166666666666667,0.16498316498316498
0.8166666666666667,0.1644295302013423
0.8166666666666667,0.1644295302013423
0.8166666666666667,0.1644295302013423
0.8166666666666667,0.1644295302013423
0.8166666666666667,0.16387959866220736
0.8166666666666667,0.16387959866220736
0.8166666666666667,0.16387959866220736
0.8166666666666667,0.16387959866220736
0.8166666666666667,0.16387959866220736
0.8166666666666667,0.16387959866220736
0.8166666666666667,0.16387959866220736
0.8166666666666667,0.16333333333333333
0.8166666666666667,0.16333333333333333
0.8166666666666667,0.16333333333333333
0.8166666666666667,0.16333333333333333
0.8166666666666667,0.16333333333333333
0.8166666666666667,0.16333333333333333
0.8166666666666667,0.16279069767441862
0.8166666666666667,0.16279069767441862
0.8166666666666667,0.16225165562913907
0.8166666666666667,0.1617161716171617
0.8166666666666667,0.1617161716171617
0.8166666666666667,0.1617161716171617
0.8166666666666667,0.1617161716171617
0.8166666666666667,0.1617161716171617
0.8166666666666667,0.1617161716171617
0.8166666666666667,0.1617161716171617
0.8166666666666667,0.1617161716171617
0.8166666666666667,0.1617161716171617
0.8166666666666667,0.1617161716171617
0.8166666666666667,0.1617161716171617
0.8166666666666667,0.1617161716171617
0.8166666666666667,0.1617161716171617
0.8166666666666667,0.1617161716171617
0.8166666666666667,0.1617161716171617
0.8166666666666667,0.1617161716171617
0.8166666666666667,0.1617161716171617
0.8166666666666667,0.1617161716171617
0.8166666666666667,0.1611842105263158
0.8166666666666667,0.1611842105263158
0.8166666666666667,0.1611842105263158
0.8166666666666667,0.1611842105263158
0.8166666666666667,0.1611842105263158
0.8166666666666667,0.1611842105263158
0.8166666666666667,0.1611842105263158
0.8166666666666667,0.16065573770491803
0.8166666666666667,0.16065573770491803
0.8166666666666667,0.16065573770491803
0.8166666666666667,0.16065573770491803
0.8166666666666667,0.16013071895424835
0.8166666666666667,0.16013071895424835
0.8166666666666667,0.15960912052117263
0.8166666666666667,0.15960912052117263
0.8166666666666667,0.1590909090909091
0.8166666666666667,0.1590909090909091
0.8166666666666667,0.1590909090909091
0.8166666666666667,0.1590909090909091
0.8166666666666667,0.1590909090909091
0.8166666666666667,0.1590909090909091
0.8166666666666667,0.1590909090909091
0.8166666666666667,0.15857605177993528
0.8166666666666667,0.15857605177993528
0.8166666666666667,0.15857605177993528
0.8166666666666667,0.15857605177993528
0.8166666666666667,0.15806451612903225
0.8166666666666667,0.15806451612903225
0.8166666666666667,0.15806451612903225
0.8166666666666667,0.15806451612903225
0.8166666666666667,0.15806451612903225
0.8166666666666667,0.15806451612903225
0.8166666666666667,0.15806451612903225
0.8166666666666667,0.15806451612903225
0.8166666666666667,0.15806451612903225
0.8166666666666667,0.15806451612903225
0.8166666666666667,0.15806451612903225
0.8166666666666667,0.15806451612903225
0.8166666666666667,0.15806451612903225
0.8166666666666667,0.15806451612903225
0.8166666666666667,0.15755627009646303
0.8166666666666667,0.15755627009646303
0.8166666666666667,0.15705128205128205
0.8166666666666667,0.15705128205128205
0.8166666666666667,0.15705128205128205
0.8166666666666667,0.15654952076677317
0.8166666666666667,0.15654952076677317
0.8166666666666667,0.15654952076677317
0.8166666666666667,0.15654952076677317
0.8166666666666667,0.15654952076677317
0.8166666666666667,0.15654952076677317
0.8166666666666667,0.15654952076677317
0.8166666666666667,0.15654952076677317
0.8166666666666667,0.15654952076677317
0.8166666666666667,0.15654952076677317
0.8166666666666667,0.15654952076677317
0.8166666666666667,0.15654952076677317
0.8166666666666667,0.15654952076677317
0.8166666666666667,0.15654952076677317
0.8166666666666667,0.15654952076677317
0.8166666666666667,0.15654952076677317
0.8166666666666667,0.15654952076677317
0.8166666666666667,0.15654952076677317
0.8166666666666667,0.15605095541401273
0.8166666666666667,0.15605095541401273
0.8166666666666667,0.15605095541401273
0.8166666666666667,0.15605095541401273
0.8166666666666667,0.15605095541401273
0.8166666666666667,0.15605095541401273
0.8166666666666667,0.15605095541401273
0.8166666666666667,0.15605095541401273
0.8166666666666667,0.15605095541401273
0.8166666666666667,0.15555555555555556
0.8166666666666667,0.15555555555555556
0.8166666666666667,0.15555555555555556
0.8166666666666667,0.1550632911392405
0.8166666666666667,0.1550632911392405
0.8166666666666667,0.1550632911392405
0.8166666666666667,0.1550632911392405
0.8166666666666667,0.1550632911392405
0.8166666666666667,0.1550632911392405
0.8166666666666667,0.1550632911392405
0.8166666666666667,0.1550632911392405
0.8166666666666667,0.1550632911392405
0.8166666666666667,0.1550632911392405
0.8166666666666667,0.1550632911392405
0.8166666666666667,0.1550632911392405
0.8166666666666667,0.1550632911392405
0.8166666666666667,0.15457413249211358
0.8166666666666667,0.15457413249211358
0.8166666666666667,0.1540880503144654
0.8166666666666667,0.1540880503144654
0.8166666666666667,0.1536050156739812
0.8166666666666667,0.1536050156739812
0.8166666666666667,0.1536050156739812
0.8166666666666667,0.1536050156739812
0.8166666666666667,0.1536050156739812
0.8166666666666667,0.1536050156739812
0.8166666666666667,0.1536050156739812
0.8166666666666667,0.1536050156739812
0.8166666666666667,0.1536050156739812
0.8166666666666667,0.1536050156739812
0.8166666666666667,0.1536050156739812
0.8166666666666667,0.153125
0.8166666666666667,0.153125
0.8166666666666667,0.153125
0.8166666666666667,0.153125
0.8166666666666667,0.153125
0.8166666666666667,0.153125
0.8166666666666667,0.153125
0.8166666666666667,0.153125
0.8166666666666667,0.153125
0.8166666666666667,0.153125
0.8166666666666667,0.153125
0.8166666666666667,0.153125
0.8166666666666667,0.1526479750778816
0.8166666666666667,0.1526479750778816
0.8166666666666667,0.1526479750778816
0.8166666666666667,0.1526479750778816
0.8166666666666667,0.1526479750778816
0.8166666666666667,0.1526479750778816
0.8166666666666667,0.1526479750778816
0.8166666666666667,0.1526479750778816
0.8166666666666667,0.1526479750778816
0.8166666666666667,0.1526479750778816
0.8166666666666667,0.1526479750778816
0.8166666666666667,0.1526479750778816
0.8166666666666667,0.1526479750778816
0.8166666666666667,0.1526479750778816
0.8166666666666667,0.1526479750778816
0.8166666666666667,0.1526479750778816
0.8166666666666667,0.1526479750778816
0.8166666666666667,0.15217391304347827
0.8166666666666667,0.15217391304347827
0.8166666666666667,0.15217391304347827
0.8166666666666667,0.15217391304347827
0.8166666666666667,0.15217391304347827
0.8166666666666667,0.15217391304347827
0.8166666666666667,0.15217391304347827
0.8166666666666667,0.15217391304347827
0.8166666666666667,0.15217391304347827
0.8166666666666667,0.15217391304347827
0.8166666666666667,0.15217391304347827
0.8166666666666667,0.15217391304347827
0.8166666666666667,0.15217391304347827
0.8166666666666667,0.15217391304347827
0.8166666666666667,0.15217391304347827
0.8166666666666667,0.15217391304347827
0.8166666666666667,0.15217391304347827
0.8166666666666667,0.15217391304347827
0.8166666666666667,0.15217391304347827
0.8166666666666667,0.15217391304347827
0.8166666666666667,0.15217391304347827
0.8166666666666667,0.15217391304347827
0.8166666666666667,0.15217391304347827
0.8166666666666667,0.15217391304347827
0.8166666666666667,0.15217391304347827
0.8166666666666667,0.15217391304347827
0.8166666666666667,0.15217391304347827
0.8166666666666667,0.15217391304347827
0.8166666666666667,0.15217391304347827
0.8166666666666667,0.15217391304347827
0.8166666666666667,0.15217391304347827
0.8166666666666667,0.15217391304347827
0.8166666666666667,0.15217391304347827
0.8166666666666667,0.15217391304347827
0.8166666666666667,0.15217391304347827
0.8166666666666667,0.15217391304347827
0.8166666666666667,0.15217391304347827
0.8166666666666667,0.15217391304347827
0.8166666666666667,0.15217391304347827
0.8166666666666667,0.15217391304347827
0.8166666666666667,0.15217391304347827
0.8166666666666667,0.15217391304347827
0.8166666666666667,0.15217391304347827
0.8166666666666667,0.15217391304347827
0.8166666666666667,0.15217391304347827
0.8166666666666667,0.15217391304347827
0.8166666666666667,0.15217391304347827
0.8166666666666667,0.15217391304347827
0.8166666666666667,0.15217391304347827
0.8166666666666667,0.15217391304347827
0.8166666666666667,0.15170278637770898
0.8166666666666667,0.15170278637770898
0.8166666666666667,0.15170278637770898
0.8166666666666667,0.15170278637770898
0.8166666666666667,0.15170278637770898
0.8166666666666667,0.15170278637770898
0.8166666666666667,0.15170278637770898
0.8166666666666667,0.15170278637770898
0.8166666666666667,0.15123456790123457
0.8166666666666667,0.15123456790123457
0.8166666666666667,0.15076923076923077
0.8166666666666667,0.15076923076923077
0.8166666666666667,0.15076923076923077
0.8166666666666667,0.15030674846625766
0.8166666666666667,0.15030674846625766
0.8166666666666667,0.15030674846625766
0.8166666666666667,0.15030674846625766
0.8166666666666667,0.14984709480122324
0.8166666666666667,0.14984709480122324
0.8166666666666667,0.14984709480122324
0.8166666666666667,0.14984709480122324
0.8166666666666667,0.14984709480122324
0.8166666666666667,0.14984709480122324
0.8166666666666667,0.14984709480122324
0.8166666666666667,0.14984709480122324
0.8166666666666667,0.14984709480122324
0.8166666666666667,0.14984709480122324
