0.0,1.0
0.0,1.0
0.0,1.0
0.0,1.0
0.0,1.0
0.0,1.0
0.010752688172043012,1.0
0.021505376344086023,1.0
0.021505376344086023,1.0
0.021505376344086023,1.0
0.021505376344086023,1.0
0.021505376344086023,1.0
0.03225806451612903,1.0
0.043010752688172046,1.0
0.043010752688172046,1.0
0.043010752688172046,1.0
0.043010752688172046,1.0
0.043010752688172046,1.0
0.053763440860215055,1.0
0.053763440860215055,1.0
0.053763440860215055,1.0
0.053763440860215055,1.0
0.053763440860215055,1.0
0.053763440860215055,1.0
0.053763440860215055,0.8333333333333334
0.053763440860215055,0.8333333333333334
0.053763440860215055,0.8333333333333334
0.053763440860215055,0.8333333333333334
0.053763440860215055,0.7142857142857143
0.053763440860215055,0.7142857142857143
0.053763440860215055,0.7142857142857143
0.053763440860215055,0.7142857142857143
0.053763440860215055,0.7142857142857143
0.06451612903225806,0.75
0.06451612903225806,0.75
0.06451612903225806,0.75
0.06451612903225806,0.75
0.06451612903225806,0.75
0.06451612903225806,0.75
0.06451612903225806,0.75
0.06451612903225806,0.6666666666666666
0.06451612903225806,0.6666666666666666
0.06451612903225806,0.6
0.06451612903225806,0.5454545454545454
0.07526881720430108,0.5833333333333334
0.07526881720430108,0.5833333333333334
0.07526881720430108,0.5833333333333334
0.07526881720430108,0.5833333333333334
0.08602150537634409,0.6153846153846154
0.08602150537634409,0.6153846153846154
0.08602150537634409,0.6153846153846154
0.08602150537634409,0.5714285714285714
0.08602150537634409,0.5714285714285714
0.08602150537634409,0.5333333333333333
0.08602150537634409,0.5333333333333333
0.08602150537634409,0.5333333333333333
0.08602150537634409,0.5333333333333333
0.08602150537634409,0.5333333333333333
0.08602150537634409,0.5333333333333333
0.08602150537634409,0.5333333333333333
0.08602150537634409,0.5333333333333333
0.08602150537634409,0.5333333333333333
0.08602150537634409,0.5333333333333333
0.08602150537634409,0.5333333333333333
0.08602150537634409,0.5333333333333333
0.08602150537634409,0.5333333333333333
0.08602150537634409,0.5333333333333333
0.08602150537634409,0.5333333333333333
0.08602150537634409,0.5333333333333333
0.08602150537634409,0.5333333333333333
0.08602150537634409,0.5333333333333333
0.08602150537634409,0.5333333333333333
0.08602150537634409,0.5333333333333333
0.08602150537634409,0.5333333333333333
0.08602150537634409,0.5333333333333333
0.08602150537634409,0.5333333333333333
0.08602150537634409,0.5
0.08602150537634409,0.5
0.08602150537634409,0.47058823529411764
0.08602150537634409,0.4444444444444444
0.08602150537634409,0.4444444444444444
0.08602150537634409,0.4444444444444444
0.08602150537634409,0.4444444444444444
0.08602150537634409,0.42105263157894735
0.08602150537634409,0.4
0.08602150537634409,0.4
0.08602150537634409,0.38095238095238093
0.08602150537634409,0.36363636363636365
0.08602150537634409,0.36363636363636365
0.08602150537634409,0.36363636363636365
0.08602150537634409,0.36363636363636365
0.08602150537634409,0.36363636363636365
0.08602150537634409,0.36363636363636365
0.08602150537634409,0.36363636363636365
0.08602150537634409,0.36363636363636365
0.08602150537634409,0.36363636363636365
0.08602150537634409,0.36363636363636365
0.08602150537634409,0.36363636363636365
0.0967741935483871,0.391304347826087
0.0967741935483871,0.391304347826087
0.0967741935483871,0.391304347826087
0.0967741935483871,0.375
0.0967741935483871,0.375
0.0967741935483871,0.36
0.0967741935483871,0.34615384615384615
0.0967741935483871,0.34615384615384615
0.0967741935483871,0.3333333333333333
0.10752688172043011,0.35714285714285715
0.10752688172043011,0.35714285714285715
0.10752688172043011,0.3448275862068966
0.11827956989247312,0.36666666666666664
0.11827956989247312,0.3548387096774194
0.11827956989247312,0.3548387096774194
0.11827956989247312,0.3548387096774194
0.11827956989247312,0.3548387096774194
0.11827956989247312,0.34375
0.11827956989247312,0.34375
0.11827956989247312,0.34375
0.11827956989247312,0.34375
0.11827956989247312,0.34375
0.12903225806451613,0.36363636363636365
0.13978494623655913,0.38235294117647056
0.13978494623655913,0.37142857142857144
0.13978494623655913,0.37142857142857144
0.13978494623655913,0.37142857142857144
0.15053763440860216,0.3888888888888889
0.15053763440860216,0.3888888888888889
0.15053763440860216,0.3888888888888889
0.15053763440860216,0.3888888888888889
0.15053763440860216,0.3888888888888889
0.15053763440860216,0.3888888888888889
0.15053763440860216,0.3888888888888889
0.16129032258064516,0.40540540540540543
0.16129032258064516,0.40540540540540543
0.16129032258064516,0.40540540540540543
0.16129032258064516,0.39473684210526316
0.16129032258064516,0.38461538461538464
0.16129032258064516,0.38461538461538464
0.16129032258064516,0.38461538461538464
0.16129032258064516,0.375
0.16129032258064516,0.375
0.17204301075268819,0.3902439024390244
0.17204301075268819,0.3902439024390244
0.17204301075268819,0.3902439024390244
0.17204301075268819,0.3902439024390244
0.17204301075268819,0.3902439024390244
0.17204301075268819,0.38095238095238093
0.17204301075268819,0.38095238095238093
0.17204301075268819,0.38095238095238093
0.1827956989247312,0.3953488372093023
0.1935483870967742,0.4090909090909091
0.1935483870967742,0.4090909090909091
0.1935483870967742,0.4090909090909091
0.1935483870967742,0.4090909090909091
0.1935483870967742,0.4
0.20430107526881722,0.41304347826086957
0.20430107526881722,0.40425531914893614
0.20430107526881722,0.3958333333333333
0.20430107526881722,0.3958333333333333
0.20430107526881722,0.3958333333333333
0.20430107526881722,0.3958333333333333
0.21505376344086022,0.40816326530612246
0.21505376344086022,0.40816326530612246
0.21505376344086022,0.40816326530612246
0.21505376344086022,0.40816326530612246
0.21505376344086022,0.40816326530612246
0.21505376344086022,0.40816326530612246
0.21505376344086022,0.4
0.21505376344086022,0.39215686274509803
0.22580645161290322,0.40384615384615385
0.22580645161290322,0.40384615384615385
0.22580645161290322,0.40384615384615385
0.22580645161290322,0.39622641509433965
0.22580645161290322,0.39622641509433965
0.22580645161290322,0.39622641509433965
0.22580645161290322,0.39622641509433965
0.22580645161290322,0.3888888888888889
0.22580645161290322,0.38181818181818183
0.22580645161290322,0.38181818181818183
0.22580645161290322,0.38181818181818183
0.22580645161290322,0.38181818181818183
0.22580645161290322,0.38181818181818183
0.23655913978494625,0.39285714285714285
0.23655913978494625,0.39285714285714285
0.23655913978494625,0.39285714285714285
0.23655913978494625,0.39285714285714285
0.23655913978494625,0.38596491228070173
0.23655913978494625,0.38596491228070173
0.23655913978494625,0.38596491228070173
0.23655913978494625,0.38596491228070173
0.23655913978494625,0.38596491228070173
0.23655913978494625,0.38596491228070173
0.24731182795698925,0.39655172413793105
0.24731182795698925,0.39655172413793105
0.24731182795698925,0.39655172413793105
0.24731182795698925,0.39655172413793105
0.24731182795698925,0.39655172413793105
0.24731182795698925,0.39655172413793105
0.24731182795698925,0.39655172413793105
0.24731182795698925,0.39655172413793105
0.24731182795698925,0.3898305084745763
0.24731182795698925,0.3898305084745763
0.24731182795698925,0.3898305084745763
0.24731182795698925,0.3898305084745763
0.24731182795698925,0.3898305084745763
0.24731182795698925,0.3898305084745763
0.24731182795698925,0.3898305084745763
0.24731182795698925,0.3898305084745763
0.24731182795698925,0.3898305084745763
0.24731182795698925,0.3898305084745763
0.24731182795698925,0.3898305084745763
0.24731182795698925,0.3898305084745763
0.25806451612903225,0.4
0.25806451612903225,0.4
0.25806451612903225,0.39344262295081966
0.25806451612903225,0.39344262295081966
0.25806451612903225,0.39344262295081966
0.25806451612903225,0.39344262295081966
0.25806451612903225,0.39344262295081966
0.25806451612903225,0.3870967741935484
0.25806451612903225,0.3870967741935484
0.25806451612903225,0.38095238095238093
0.25806451612903225,0.38095238095238093
0.25806451612903225,0.38095238095238093
0.25806451612903225,0.38095238095238093
0.26881720430107525,0.390625
0.26881720430107525,0.390625
0.26881720430107525,0.390625
0.26881720430107525,0.38461538461538464
0.26881720430107525,0.3787878787878788
0.26881720430107525,0.373134328358209
0.26881720430107525,0.373134328358209
0.26881720430107525,0.373134328358209
0.26881720430107525,0.36764705882352944
0.26881720430107525,0.36231884057971014
0.26881720430107525,0.36231884057971014
0.27956989247311825,0.37142857142857144
0.27956989247311825,0.37142857142857144
0.27956989247311825,0.37142857142857144
0.27956989247311825,0.37142857142857144
0.27956989247311825,0.37142857142857144
0.27956989247311825,0.37142857142857144
0.27956989247311825,0.37142857142857144
0.27956989247311825,0.37142857142857144
0.27956989247311825,0.37142857142857144
0.27956989247311825,0.37142857142857144
0.27956989247311825,0.37142857142857144
0.27956989247311825,0.37142857142857144
0.27956989247311825,0.37142857142857144
0.27956989247311825,0.36619718309859156
0.27956989247311825,0.36619718309859156
0.27956989247311825,0.36619718309859156
0.27956989247311825,0.3611111111111111
0.27956989247311825,0.3611111111111111
0.27956989247311825,0.3611111111111111
0.27956989247311825,0.3611111111111111
0.27956989247311825,0.3561643835616438
0.27956989247311825,0.3561643835616438
0.27956989247311825,0.3561643835616438
0.27956989247311825,0.3561643835616438
0.27956989247311825,0.3561643835616438
0.27956989247311825,0.35135135135135137
0.27956989247311825,0.35135135135135137
0.2903225806451613,0.36
0.2903225806451613,0.36
0.3010752688172043,0.3684210526315789
0.3010752688172043,0.36363636363636365
0.3010752688172043,0.36363636363636365
0.3010752688172043,0.358974358974359
0.3010752688172043,0.358974358974359
0.3010752688172043,0.358974358974359
0.3010752688172043,0.35443037974683544
0.3010752688172043,0.35443037974683544
0.3010752688172043,0.35443037974683544
0.3010752688172043,0.35443037974683544
0.3010752688172043,0.35
0.3010752688172043,0.35
0.3010752688172043,0.35
0.3010752688172043,0.35
0.3010752688172043,0.345679012345679
0.3010752688172043,0.345679012345679
0.3010752688172043,0.34146341463414637
0.3010752688172043,0.34146341463414637
0.3010752688172043,0.34146341463414637
0.3010752688172043,0.34146341463414637
0.3010752688172043,0.34146341463414637
0.3010752688172043,0.34146341463414637
0.3010752688172043,0.34146341463414637
0.3010752688172043,0.34146341463414637
0.3010752688172043,0.34146341463414637
0.3010752688172043,0.34146341463414637
0.3010752688172043,0.3373493975903614
0.3010752688172043,0.3373493975903614
0.3010752688172043,0.3373493975903614
0.3010752688172043,0.3373493975903614
0.3010752688172043,0.3373493975903614
0.3010752688172043,0.3373493975903614
0.3010752688172043,0.3373493975903614
0.3010752688172043,0.3373493975903614
0.3010752688172043,0.3333333333333333
0.3010752688172043,0.3333333333333333
0.3010752688172043,0.3333333333333333
0.3010752688172043,0.3333333333333333
0.3010752688172043,0.3333333333333333
0.3010752688172043,0.32941176470588235
0.3010752688172043,0.32558139534883723
0.3010752688172043,0.32558139534883723
0.3010752688172043,0.32558139534883723
0.3010752688172043,0.32558139534883723
0.3010752688172043,0.32558139534883723
0.3010752688172043,0.32558139534883723
0.3010752688172043,0.32558139534883723
0.3010752688172043,0.3218390804597701
0.3010752688172043,0.3218390804597701
0.3010752688172043,0.3218390804597701
0.3010752688172043,0.3218390804597701
0.3010752688172043,0.3218390804597701
0.3010752688172043,0.3218390804597701
0.3010752688172043,0.3218390804597701
0.3010752688172043,0.3218390804597701
0.3010752688172043,0.3218390804597701
0.3118279569892473,0.32954545454545453
0.3118279569892473,0.32954545454545453
0.3118279569892473,0.32954545454545453
0.3118279569892473,0.32954545454545453
0.3118279569892473,0.32954545454545453
0.3225806451612903,0.33707865168539325
0.3225806451612903,0.33707865168539325
0.3225806451612903,0.33707865168539325
0.3225806451612903,0.33707865168539325
0.3225806451612903,0.33707865168539325
0.3225806451612903,0.33707865168539325
0.3225806451612903,0.33707865168539325
0.3225806451612903,0.3333333333333333
0.3225806451612903,0.3333333333333333
0.3225806451612903,0.3333333333333333
0.3225806451612903,0.32967032967032966
0.3225806451612903,0.32608695652173914
0.3225806451612903,0.32608695652173914
0.3225806451612903,0.32608695652173914
0.3225806451612903,0.32608695652173914
0.3225806451612903,0.32608695652173914
0.3225806451612903,0.32608695652173914
0.3333333333333333,0.3333333333333333
0.3333333333333333,0.3333333333333333
0.3333333333333333,0.3333333333333333
0.3333333333333333,0.3333333333333333
0.3333333333333333,0.3333333333333333
0.3333333333333333,0.3333333333333333
0.3333333333333333,0.3333333333333333
0.3333333333333333,0.32978723404255317
0.3333333333333333,0.32978723404255317
0.3333333333333333,0.32978723404255317
0.3333333333333333,0.32978723404255317
0.3333333333333333,0.32978723404255317
0.3333333333333333,0.32978723404255317
0.3333333333333333,0.32978723404255317
0.3333333333333333,0.32978723404255317
0.3333333333333333,0.3263157894736842
0.3333333333333333,0.3263157894736842
0.3333333333333333,0.3263157894736842
0.3333333333333333,0.3263157894736842
0.3333333333333333,0.3229166666666667
0.3333333333333333,0.3229166666666667
0.3333333333333333,0.3229166666666667
0.34408602150537637,0.32989690721649484
0.34408602150537637,0.32653061224489793
0.34408602150537637,0.32653061224489793
0.34408602150537637,0.32653061224489793
0.34408602150537637,0.32653061224489793
0.34408602150537637,0.32653061224489793
0.34408602150537637,0.32323232323232326
0.34408602150537637,0.32
0.34408602150537637,0.32
0.34408602150537637,0.32
0.34408602150537637,0.32
0.34408602150537637,0.31683168316831684
0.34408602150537637,0.31683168316831684
0.34408602150537637,0.31683168316831684
0.34408602150537637,0.31683168316831684
0.34408602150537637,0.3137254901960784
0.34408602150537637,0.3137254901960784
0.34408602150537637,0.3137254901960784
0.34408602150537637,0.3137254901960784
0.34408602150537637,0.3137254901960784
0.34408602150537637,0.3137254901960784
0.34408602150537637,0.3106796116504854
0.34408602150537637,0.3106796116504854
0.34408602150537637,0.3106796116504854
0.34408602150537637,0.3106796116504854
0.34408602150537637,0.3076923076923077
0.34408602150537637,0.3076923076923077
0.34408602150537637,0.3076923076923077
0.34408602150537637,0.3047619047619048
0.34408602150537637,0.3018867924528302
0.34408602150537637,0.3018867924528302
0.3548387096774194,0.308411214953271
0.3548387096774194,0.308411214953271
0.3548387096774194,0.308411214953271
0.3548387096774194,0.308411214953271
0.3548387096774194,0.3055555555555556
0.3548387096774194,0.3055555555555556
0.3548387096774194,0.3055555555555556
0.3548387096774194,0.30275229357798167
0.3548387096774194,0.3
0.3548387096774194,0.3
0.3548387096774194,0.3
0.3548387096774194,0.3
0.3548387096774194,0.3
0.3548387096774194,0.3
0.3548387096774194,0.3
0.3548387096774194,0.3
0.3548387096774194,0.3
0.3548387096774194,0.3
0.3548387096774194,0.3
0.3548387096774194,0.2972972972972973
0.3548387096774194,0.29464285714285715
0.3548387096774194,0.2920353982300885
0.3548387096774194,0.2894736842105263
0.3548387096774194,0.2894736842105263
0.3548387096774194,0.28695652173913044
0.3548387096774194,0.28448275862068967
0.3548387096774194,0.28448275862068967
0.3548387096774194,0.28448275862068967
0.3548387096774194,0.28205128205128205
0.3548387096774194,0.28205128205128205
0.3548387096774194,0.28205128205128205
0.3548387096774194,0.28205128205128205
0.3548387096774194,0.28205128205128205
0.3548387096774194,0.28205128205128205
0.3548387096774194,0.28205128205128205
0.3548387096774194,0.28205128205128205
0.3548387096774194,0.2796610169491525
0.3548387096774194,0.2773109243697479
0.3548387096774194,0.275
0.3548387096774194,0.275
0.3655913978494624,0.2809917355371901
0.3655913978494624,0.2809917355371901
0.3655913978494624,0.2786885245901639
0.3655913978494624,0.2764227642276423
0.3655913978494624,0.2764227642276423
0.3655913978494624,0.2764227642276423
0.3655913978494624,0.2764227642276423
0.3655913978494624,0.27419354838709675
0.3763440860215054,0.28
0.3763440860215054,0.2777777777777778
0.3763440860215054,0.2755905511811024
0.3763440860215054,0.2755905511811024
0.3763440860215054,0.2755905511811024
0.3763440860215054,0.2734375
0.3763440860215054,0.2734375
0.3763440860215054,0.2713178294573643
0.3763440860215054,0.2692307692307692
0.3763440860215054,0.2692307692307692
0.3763440860215054,0.2692307692307692
0.3763440860215054,0.2692307692307692
0.3763440860215054,0.26717557251908397
0.3763440860215054,0.26515151515151514
0.3763440860215054,0.26515151515151514
0.3763440860215054,0.26515151515151514
0.3763440860215054,0.26515151515151514
0.3763440860215054,0.26515151515151514
0.3763440860215054,0.26515151515151514
0.3763440860215054,0.2631578947368421
0.3763440860215054,0.2631578947368421
0.3763440860215054,0.26119402985074625
0.3763440860215054,0.26119402985074625
0.3763440860215054,0.26119402985074625
0.3763440860215054,0.26119402985074625
0.3763440860215054,0.25925925925925924
0.3763440860215054,0.25925925925925924
0.3763440860215054,0.25925925925925924
0.3763440860215054,0.25925925925925924
0.3763440860215054,0.25735294117647056
0.3763440860215054,0.25735294117647056
0.3763440860215054,0.25735294117647056
0.3763440860215054,0.25735294117647056
0.3763440860215054,0.25547445255474455
0.3763440860215054,0.25547445255474455
0.3763440860215054,0.25547445255474455
0.3763440860215054,0.2536231884057971
0.3763440860215054,0.2536231884057971
0.3763440860215054,0.2517985611510791
0.3763440860215054,0.2517985611510791
0.3763440860215054,0.2517985611510791
0.3763440860215054,0.2517985611510791
0.3763440860215054,0.2517985611510791
0.3763440860215054,0.2517985611510791
0.3763440860215054,0.2517985611510791
0.3763440860215054,0.2517985611510791
0.3763440860215054,0.2517985611510791
0.3763440860215054,0.2517985611510791
0.3870967741935484,0.2571428571428571
0.3870967741935484,0.2571428571428571
0.3870967741935484,0.2571428571428571
0.3870967741935484,0.2571428571428571
0.3870967741935484,0.2553191489361702
0.3870967741935484,0.2553191489361702
0.3870967741935484,0.2553191489361702
0.3870967741935484,0.2553191489361702
0.3870967741935484,0.2553191489361702
0.3870967741935484,0.2553191489361702
0.3870967741935484,0.2535211267605634
0.3870967741935484,0.2517482517482518
0.3870967741935484,0.25
0.3978494623655914,0.25517241379310346
0.3978494623655914,0.25517241379310346
0.3978494623655914,0.25517241379310346
0.3978494623655914,0.25517241379310346
0.3978494623655914,0.2534246575342466
0.3978494623655914,0.2534246575342466
0.3978494623655914,0.2534246575342466
0.3978494623655914,0.2534246575342466
0.3978494623655914,0.25170068027210885
0.3978494623655914,0.25170068027210885
0.40860215053763443,0.25675675675675674
0.40860215053763443,0.2550335570469799
0.40860215053763443,0.2550335570469799
0.40860215053763443,0.2550335570469799
0.40860215053763443,0.2550335570469799
0.40860215053763443,0.2550335570469799
0.40860215053763443,0.2550335570469799
0.40860215053763443,0.25333333333333335
0.40860215053763443,0.25165562913907286
0.41935483870967744,0.2565789473684211
0.41935483870967744,0.2549019607843137
0.41935483870967744,0.2549019607843137
0.41935483870967744,0.2549019607843137
0.41935483870967744,0.2549019607843137
0.41935483870967744,0.2532467532467532
0.41935483870967744,0.2532467532467532
0.41935483870967744,0.2532467532467532
0.41935483870967744,0.2532467532467532
0.41935483870967744,0.2532467532467532
0.41935483870967744,0.2532467532467532
0.41935483870967744,0.2532467532467532
0.41935483870967744,0.2532467532467532
0.41935483870967744,0.2532467532467532
0.41935483870967744,0.2532467532467532
0.41935483870967744,0.25161290322580643
0.41935483870967744,0.25161290322580643
0.41935483870967744,0.25
0.41935483870967744,0.25
0.41935483870967744,0.25
0.41935483870967744,0.25
0.41935483870967744,0.25
0.43010752688172044,0.25477707006369427
0.43010752688172044,0.25477707006369427
0.43010752688172044,0.25477707006369427
0.44086021505376344,0.25949367088607594
0.44086021505376344,0.25949367088607594
0.44086021505376344,0.25949367088607594
0.44086021505376344,0.25949367088607594
0.44086021505376344,0.2578616352201258
0.44086021505376344,0.2578616352201258
0.44086021505376344,0.2578616352201258
0.44086021505376344,0.2578616352201258
0.44086021505376344,0.2578616352201258
0.44086021505376344,0.2578616352201258
0.44086021505376344,0.2578616352201258
0.44086021505376344,0.2578616352201258
0.44086021505376344,0.25625
0.44086021505376344,0.25625
0.44086021505376344,0.2546583850931677
0.44086021505376344,0.25308641975308643
0.44086021505376344,0.25153374233128833
0.44086021505376344,0.25
0.44086021505376344,0.25
0.44086021505376344,0.24848484848484848
0.44086021505376344,0.24848484848484848
0.44086021505376344,0.2469879518072289
0.44086021505376344,0.2469879518072289
0.44086021505376344,0.2469879518072289
0.44086021505376344,0.2469879518072289
0.44086021505376344,0.2469879518072289
0.44086021505376344,0.2469879518072289
0.44086021505376344,0.2469879518072289
0.44086021505376344,0.2469879518072289
0.44086021505376344,0.2469879518072289
0.44086021505376344,0.2469879518072289
0.44086021505376344,0.2469879518072289
0.44086021505376344,0.2469879518072289
0.45161290322580644,0.25149700598802394
0.45161290322580644,0.25
0.45161290322580644,0.25
0.45161290322580644,0.2485207100591716
0.45161290322580644,0.24705882352941178
0.45161290322580644,0.24561403508771928
0.46236559139784944,0.25
0.46236559139784944,0.25
0.46236559139784944,0.24855491329479767
0.46236559139784944,0.2471264367816092
0.46236559139784944,0.2471264367816092
0.46236559139784944,0.2471264367816092
0.46236559139784944,0.2471264367816092
0.46236559139784944,0.2471264367816092
0.46236559139784944,0.24571428571428572
0.46236559139784944,0.24571428571428572
0.46236559139784944,0.24571428571428572
0.46236559139784944,0.24571428571428572
0.46236559139784944,0.24431818181818182
0.46236559139784944,0.24293785310734464
0.4731182795698925,0.24719101123595505
0.4838709677419355,0.25139664804469275
0.4838709677419355,0.25139664804469275
0.4946236559139785,0.25555555555555554
0.4946236559139785,0.25555555555555554
0.4946236559139785,0.25555555555555554
0.4946236559139785,0.2541436464088398
0.4946236559139785,0.2541436464088398
0.4946236559139785,0.25274725274725274
0.4946236559139785,0.25274725274725274
0.4946236559139785,0.25274725274725274
0.4946236559139785,0.25274725274725274
0.4946236559139785,0.25136612021857924
0.4946236559139785,0.25136612021857924
0.4946236559139785,0.25136612021857924
0.4946236559139785,0.25136612021857924
0.4946236559139785,0.25136612021857924
0.4946236559139785,0.25136612021857924
0.4946236559139785,0.25
0.4946236559139785,0.25
0.4946236559139785,0.25
0.4946236559139785,0.25
0.4946236559139785,0.25
0.4946236559139785,0.24864864864864866
0.4946236559139785,0.24864864864864866
0.4946236559139785,0.24731182795698925
0.5053763440860215,0.25133689839572193
0.5053763440860215,0.25
0.5053763440860215,0.25
0.5053763440860215,0.25
0.5053763440860215,0.25
0.5053763440860215,0.25
0.5053763440860215,0.25
0.5161290322580645,0.25396825396825395
0.5161290322580645,0.25396825396825395
0.5161290322580645,0.25396825396825395
0.5161290322580645,0.25396825396825395
0.5161290322580645,0.25396825396825395
0.5161290322580645,0.25396825396825395
0.5161290322580645,0.25263157894736843
0.5161290322580645,0.2513089005235602
0.5161290322580645,0.2513089005235602
0.5161290322580645,0.25
0.5161290322580645,0.25
0.5161290322580645,0.25
0.5161290322580645,0.25
0.5161290322580645,0.25
0.5161290322580645,0.25
0.5161290322580645,0.25
0.5161290322580645,0.24870466321243523
0.5161290322580645,0.24742268041237114
0.5161290322580645,0.24742268041237114
0.5161290322580645,0.24742268041237114
0.5268817204301075,0.2512820512820513
0.5268817204301075,0.2512820512820513
0.5268817204301075,0.2512820512820513
0.5268817204301075,0.2512820512820513
0.5268817204301075,0.25
0.5268817204301075,0.25
0.5268817204301075,0.24873096446700507
0.5268817204301075,0.24873096446700507
0.5268817204301075,0.24873096446700507
0.5268817204301075,0.24873096446700507
0.5268817204301075,0.24873096446700507
0.5268817204301075,0.2474747474747475
0.5268817204301075,0.2474747474747475
0.5268817204301075,0.24623115577889448
0.5268817204301075,0.24623115577889448
0.5268817204301075,0.24623115577889448
0.5268817204301075,0.245
0.5268817204301075,0.245
0.5376344086021505,0.24875621890547264
0.5376344086021505,0.24875621890547264
0.5376344086021505,0.24752475247524752
0.5376344086021505,0.24752475247524752
0.5376344086021505,0.24630541871921183
0.5376344086021505,0.24630541871921183
0.5376344086021505,0.24630541871921183
0.5376344086021505,0.24630541871921183
0.5376344086021505,0.24630541871921183
0.5376344086021505,0.24509803921568626
0.5376344086021505,0.24509803921568626
0.5376344086021505,0.24509803921568626
0.5376344086021505,0.24509803921568626
0.5376344086021505,0.24509803921568626
0.5483870967741935,0.24878048780487805
0.5483870967741935,0.24878048780487805
0.5483870967741935,0.24878048780487805
0.5483870967741935,0.24878048780487805
0.5483870967741935,0.24878048780487805
0.5483870967741935,0.24878048780487805
0.5483870967741935,0.24878048780487805
0.5483870967741935,0.24878048780487805
0.5483870967741935,0.24878048780487805
0.5483870967741935,0.24878048780487805
0.5483870967741935,0.24757281553398058
0.5483870967741935,0.2463768115942029
0.5483870967741935,0.2463768115942029
0.5483870967741935,0.24519230769230768
0.5483870967741935,0.24401913875598086
0.5483870967741935,0.24285714285714285
0.5483870967741935,0.24285714285714285
0.5483870967741935,0.24285714285714285
0.5483870967741935,0.24285714285714285
0.5483870967741935,0.24285714285714285
0.5483870967741935,0.24285714285714285
0.5483870967741935,0.24285714285714285
0.5483870967741935,0.24285714285714285
0.5483870967741935,0.24285714285714285
0.5483870967741935,0.24285714285714285
0.5483870967741935,0.24285714285714285
0.5483870967741935,0.24285714285714285
0.5483870967741935,0.24170616113744076
0.5483870967741935,0.24170616113744076
0.5483870967741935,0.24056603773584906
0.5483870967741935,0.24056603773584906
0.5483870967741935,0.24056603773584906
0.5483870967741935,0.24056603773584906
0.5483870967741935,0.24056603773584906
0.5483870967741935,0.24056603773584906
0.5483870967741935,0.23943661971830985
0.5483870967741935,0.23943661971830985
0.5483870967741935,0.23943661971830985
0.5483870967741935,0.23943661971830985
0.5483870967741935,0.2383177570093458
0.5483870967741935,0.2383177570093458
0.5483870967741935,0.2372093023255814
0.5483870967741935,0.2372093023255814
0.5483870967741935,0.2361111111111111
0.5483870967741935,0.2350230414746544
0.5483870967741935,0.2350230414746544
0.5483870967741935,0.2350230414746544
0.5483870967741935,0.23394495412844038
0.5483870967741935,0.23394495412844038
0.5483870967741935,0.23394495412844038
0.5483870967741935,0.23394495412844038
0.5483870967741935,0.23394495412844038
0.5483870967741935,0.2328767123287671
0.5483870967741935,0.2318181818181818
0.5483870967741935,0.2318181818181818
0.5483870967741935,0.2318181818181818
0.5483870967741935,0.2318181818181818
0.5483870967741935,0.23076923076923078
0.5483870967741935,0.23076923076923078
0.5483870967741935,0.23076923076923078
0.5483870967741935,0.23076923076923078
0.5483870967741935,0.22972972972972974
0.5483870967741935,0.22972972972972974
0.5483870967741935,0.22869955156950672
0.5483870967741935,0.22869955156950672
0.5483870967741935,0.22869955156950672
0.5483870967741935,0.22767857142857142
0.5483870967741935,0.22666666666666666
0.5483870967741935,0.22666666666666666
0.5483870967741935,0.22666666666666666
0.5483870967741935,0.22566371681415928
0.5483870967741935,0.22566371681415928
0.5483870967741935,0.22566371681415928
0.5483870967741935,0.22566371681415928
0.5483870967741935,0.22566371681415928
0.5483870967741935,0.22566371681415928
0.5483870967741935,0.22566371681415928
0.5483870967741935,0.22466960352422907
0.5483870967741935,0.22466960352422907
0.5483870967741935,0.22466960352422907
0.5483870967741935,0.22466960352422907
0.5483870967741935,0.22466960352422907
0.5483870967741935,0.2236842105263158
0.5483870967741935,0.2236842105263158
0.5483870967741935,0.2236842105263158
0.5483870967741935,0.2236842105263158
0.5483870967741935,0.2236842105263158
0.5483870967741935,0.2236842105263158
0.5483870967741935,0.2236842105263158
0.5483870967741935,0.2236842105263158
0.5483870967741935,0.2236842105263158
0.5483870967741935,0.2236842105263158
0.5483870967741935,0.22270742358078602
0.5483870967741935,0.22270742358078602
0.5483870967741935,0.22270742358078602
0.5483870967741935,0.2217391304347826
0.5483870967741935,0.2217391304347826
0.5483870967741935,0.2217391304347826
0.5483870967741935,0.2217391304347826
0.5483870967741935,0.2217391304347826
0.5483870967741935,0.22077922077922077
0.5483870967741935,0.22077922077922077
0.5483870967741935,0.22077922077922077
0.5483870967741935,0.21982758620689655
0.5483870967741935,0.21888412017167383
0.5483870967741935,0.21888412017167383
0.5483870967741935,0.21794871794871795
0.5483870967741935,0.21794871794871795
0.5483870967741935,0.2170212765957447
0.5483870967741935,0.2170212765957447
0.5483870967741935,0.2170212765957447
0.5483870967741935,0.2170212765957447
0.5483870967741935,0.2170212765957447
0.5483870967741935,0.2170212765957447
0.5483870967741935,0.2170212765957447
0.5483870967741935,0.2170212765957447
0.5483870967741935,0.2170212765957447
0.5483870967741935,0.2170212765957447
0.5483870967741935,0.2170212765957447
0.5483870967741935,0.21610169491525424
0.5483870967741935,0.21610169491525424
0.5483870967741935,0.21610169491525424
0.5483870967741935,0.21610169491525424
0.5483870967741935,0.21610169491525424
0.5483870967741935,0.21518987341772153
0.5483870967741935,0.21428571428571427
0.5483870967741935,0.21428571428571427
0.5483870967741935,0.21428571428571427
0.5483870967741935,0.21428571428571427
0.5483870967741935,0.21428571428571427
0.5483870967741935,0.21428571428571427
0.5483870967741935,0.21428571428571427
0.5483870967741935,0.21428571428571427
0.5483870967741935,0.21428571428571427
0.5483870967741935,0.21338912133891214
0.5483870967741935,0.21338912133891214
0.5483870967741935,0.21338912133891214
0.5483870967741935,0.21338912133891214
0.5483870967741935,0.21338912133891214
0.5483870967741935,0.21338912133891214
0.5483870967741935,0.21338912133891214
0.5483870967741935,0.21338912133891214
0.5483870967741935,0.2125
0.5483870967741935,0.2125
0.5483870967741935,0.2125
0.5483870967741935,0.21161825726141079
0.5483870967741935,0.21161825726141079
0.5483870967741935,0.21161825726141079
0.5483870967741935,0.21161825726141079
0.5483870967741935,0.21161825726141079
0.5483870967741935,0.21161825726141079
0.5483870967741935,0.21161825726141079
0.5483870967741935,0.21161825726141079
0.5483870967741935,0.21074380165289255
0.5483870967741935,0.20987654320987653
0.5483870967741935,0.20901639344262296
0.5483870967741935,0.20901639344262296
0.5483870967741935,0.20816326530612245
0.5483870967741935,0.20816326530612245
0.5483870967741935,0.20816326530612245
0.5483870967741935,0.20816326530612245
0.5483870967741935,0.20816326530612245
0.5483870967741935,0.20816326530612245
0.5483870967741935,0.20816326530612245
0.5483870967741935,0.2073170731707317
0.5483870967741935,0.20647773279352227
0.5483870967741935,0.20647773279352227
0.5483870967741935,0.20647773279352227
0.5483870967741935,0.20647773279352227
0.5483870967741935,0.20647773279352227
0.5483870967741935,0.20647773279352227
0.5483870967741935,0.20647773279352227
0.5483870967741935,0.20647773279352227
0.5483870967741935,0.20647773279352227
0.5483870967741935,0.20647773279352227
0.5483870967741935,0.20647773279352227
0.5483870967741935,0.20647773279352227
0.5483870967741935,0.20647773279352227
0.5483870967741935,0.20647773279352227
0.5483870967741935,0.20647773279352227
0.5483870967741935,0.20647773279352227
0.5483870967741935,0.20647773279352227
0.5483870967741935,0.20647773279352227
0.5483870967741935,0.20647773279352227
0.5483870967741935,0.20647773279352227
0.5483870967741935,0.20647773279352227
0.5483870967741935,0.20647773279352227
0.5483870967741935,0.20647773279352227
0.5483870967741935,0.20647773279352227
0.5483870967741935,0.20647773279352227
0.5483870967741935,0.20647773279352227
0.5483870967741935,0.20647773279352227
0.5483870967741935,0.20647773279352227
0.5483870967741935,0.20647773279352227
0.5591397849462365,0.20967741935483872
0.5591397849462365,0.20967741935483872
0.5591397849462365,0.20967741935483872
0.5591397849462365,0.20967741935483872
0.5591397849462365,0.20883534136546184
0.5591397849462365,0.20883534136546184
0.5591397849462365,0.20883534136546184
0.5591397849462365,0.20883534136546184
0.5591397849462365,0.20883534136546184
0.5591397849462365,0.20883534136546184
0.5591397849462365,0.208
0.5591397849462365,0.208
0.5591397849462365,0.20717131474103587
0.5591397849462365,0.20717131474103587
0.5591397849462365,0.20634920634920634
0.5591397849462365,0.20634920634920634
0.5591397849462365,0.20634920634920634
0.5591397849462365,0.20634920634920634
0.5591397849462365,0.20634920634920634
0.5591397849462365,0.20634920634920634
0.5591397849462365,0.20634920634920634
0.5591397849462365,0.20634920634920634
0.5591397849462365,0.20553359683794467
0.5591397849462365,0.20553359683794467
0.5591397849462365,0.20553359683794467
0.5591397849462365,0.20553359683794467
0.5591397849462365,0.2047244094488189
0.5591397849462365,0.2047244094488189
0.5591397849462365,0.2047244094488189
0.5591397849462365,0.2047244094488189
0.5591397849462365,0.2047244094488189
0.5591397849462365,0.2047244094488189
0.5591397849462365,0.20392156862745098
0.5591397849462365,0.20392156862745098
0.5591397849462365,0.203125
0.5591397849462365,0.203125
0.5591397849462365,0.203125
0.5591397849462365,0.203125
0.5591397849462365,0.203125
0.5591397849462365,0.20233463035019456
0.5698924731182796,0.2054263565891473
0.5806451612903226,0.2084942084942085
0.5806451612903226,0.2084942084942085
0.5806451612903226,0.2084942084942085
0.5806451612903226,0.2084942084942085
0.5806451612903226,0.2076923076923077
0.5806451612903226,0.2076923076923077
0.5806451612903226,0.2076923076923077
0.5806451612903226,0.2076923076923077
0.5806451612903226,0.20689655172413793
0.5806451612903226,0.20610687022900764
0.5806451612903226,0.20532319391634982
0.5806451612903226,0.20532319391634982
0.5806451612903226,0.20532319391634982
0.5806451612903226,0.20532319391634982
0.5806451612903226,0.20532319391634982
0.5806451612903226,0.20454545454545456
0.5806451612903226,0.20454545454545456
0.5806451612903226,0.20454545454545456
0.5806451612903226,0.20454545454545456
0.5806451612903226,0.20454545454545456
0.5806451612903226,0.20454545454545456
0.5806451612903226,0.2037735849056604
0.5806451612903226,0.2037735849056604
0.5806451612903226,0.2037735849056604
0.5806451612903226,0.2037735849056604
0.5806451612903226,0.2037735849056604
0.5806451612903226,0.2037735849056604
0.5806451612903226,0.2037735849056604
0.5806451612903226,0.2037735849056604
0.5806451612903226,0.2037735849056604
0.5806451612903226,0.2037735849056604
0.5806451612903226,0.2037735849056604
0.5806451612903226,0.2037735849056604
0.5806451612903226,0.2037735849056604
0.5806451612903226,0.2037735849056604
0.5806451612903226,0.2037735849056604
0.5806451612903226,0.2037735849056604
0.5806451612903226,0.2037735849056604
0.5806451612903226,0.20300751879699247
0.5806451612903226,0.20300751879699247
0.5806451612903226,0.20300751879699247
0.5806451612903226,0.20300751879699247
0.5806451612903226,0.20300751879699247
0.5806451612903226,0.20224719101123595
0.5806451612903226,0.20224719101123595
0.5806451612903226,0.20224719101123595
0.5806451612903226,0.20224719101123595
0.5806451612903226,0.20224719101123595
0.5806451612903226,0.20224719101123595
0.5913978494623656,0.20522388059701493
0.5913978494623656,0.20446096654275092
0.5913978494623656,0.20446096654275092
0.5913978494623656,0.20446096654275092
0.5913978494623656,0.20446096654275092
0.5913978494623656,0.20446096654275092
0.5913978494623656,0.2037037037037037
0.5913978494623656,0.2037037037037037
0.5913978494623656,0.2037037037037037
0.6021505376344086,0.2066420664206642
0.6021505376344086,0.2066420664206642
0.6021505376344086,0.2066420664206642
0.6021505376344086,0.20588235294117646
0.6021505376344086,0.20512820512820512
0.6021505376344086,0.20512820512820512
0.6021505376344086,0.20437956204379562
0.6021505376344086,0.20437956204379562
0.6021505376344086,0.20437956204379562
0.6021505376344086,0.20437956204379562
0.6021505376344086,0.20437956204379562
0.6021505376344086,0.20363636363636364
0.6021505376344086,0.20363636363636364
0.6021505376344086,0.20363636363636364
0.6021505376344086,0.2028985507246377
0.6021505376344086,0.2028985507246377
0.6021505376344086,0.2028985507246377
0.6021505376344086,0.2028985507246377
0.6021505376344086,0.2028985507246377
0.6021505376344086,0.2028985507246377
0.6021505376344086,0.2028985507246377
0.6021505376344086,0.2028985507246377
0.6021505376344086,0.20216606498194944
0.6021505376344086,0.20216606498194944
0.6021505376344086,0.20216606498194944
0.6021505376344086,0.2014388489208633
0.6021505376344086,0.2014388489208633
0.6021505376344086,0.2014388489208633
0.6021505376344086,0.2014388489208633
0.6021505376344086,0.2014388489208633
0.6021505376344086,0.2014388489208633
0.6021505376344086,0.2007168458781362
0.6021505376344086,0.2007168458781362
0.6021505376344086,0.2007168458781362
0.6129032258064516,0.20357142857142857
0.6129032258064516,0.20357142857142857
0.6129032258064516,0.20284697508896798
0.6129032258064516,0.20212765957446807
0.6129032258064516,0.20212765957446807
0.6129032258064516,0.20212765957446807
0.6129032258064516,0.20212765957446807
0.6129032258064516,0.20212765957446807
0.6129032258064516,0.20212765957446807
0.6129032258064516,0.20141342756183744
0.6129032258064516,0.20141342756183744
0.6129032258064516,0.20141342756183744
0.6129032258064516,0.20141342756183744
0.6129032258064516,0.2007042253521127
0.6129032258064516,0.2
0.6129032258064516,0.2
0.6129032258064516,0.1993006993006993
0.6129032258064516,0.1993006993006993
0.6129032258064516,0.1986062717770035
0.6129032258064516,0.1986062717770035
0.6129032258064516,0.1986062717770035
0.6129032258064516,0.1986062717770035
0.6129032258064516,0.19791666666666666
0.6129032258064516,0.19791666666666666
0.6129032258064516,0.19791666666666666
0.6129032258064516,0.1972318339100346
0.6129032258064516,0.19655172413793104
0.6129032258064516,0.1958762886597938
0.6129032258064516,0.1958762886597938
0.6129032258064516,0.1958762886597938
0.6129032258064516,0.1958762886597938
0.6129032258064516,0.1958762886597938
0.6129032258064516,0.1958762886597938
0.6129032258064516,0.1958762886597938
0.6129032258064516,0.1958762886597938
0.6129032258064516,0.1952054794520548
0.6129032258064516,0.1952054794520548
0.6129032258064516,0.1952054794520548
0.6129032258064516,0.1952054794520548
0.6129032258064516,0.1952054794520548
0.6129032258064516,0.1945392491467577
0.6129032258064516,0.19387755102040816
0.6129032258064516,0.19322033898305085
0.6129032258064516,0.19322033898305085
0.6129032258064516,0.19256756756756757
0.6129032258064516,0.19256756756756757
0.6129032258064516,0.19256756756756757
0.6129032258064516,0.19256756756756757
0.6129032258064516,0.19256756756756757
0.6129032258064516,0.19256756756756757
0.6129032258064516,0.19256756756756757
0.6129032258064516,0.19256756756756757
0.6129032258064516,0.19256756756756757
0.6129032258064516,0.1919191919191919
0.6129032258064516,0.1919191919191919
0.6129032258064516,0.1919191919191919
0.6129032258064516,0.1919191919191919
0.6129032258064516,0.1919191919191919
0.6129032258064516,0.1919191919191919
0.6129032258064516,0.1919191919191919
0.6129032258064516,0.1912751677852349
0.6129032258064516,0.1912751677852349
0.6129032258064516,0.1912751677852349
0.6129032258064516,0.19063545150501673
0.6129032258064516,0.19063545150501673
0.6129032258064516,0.19063545150501673
0.6129032258064516,0.19063545150501673
0.6129032258064516,0.19
0.6129032258064516,0.19
0.6129032258064516,0.19
0.6129032258064516,0.19
0.6129032258064516,0.19
0.6129032258064516,0.19
0.6129032258064516,0.19
0.6129032258064516,0.1893687707641196
0.6129032258064516,0.1893687707641196
0.6129032258064516,0.1893687707641196
0.6129032258064516,0.1893687707641196
0.6129032258064516,0.1893687707641196
0.6129032258064516,0.1893687707641196
0.6129032258064516,0.18874172185430463
0.6129032258064516,0.18811881188118812
0.6129032258064516,0.18811881188118812
0.6129032258064516,0.18811881188118812
0.6129032258064516,0.18811881188118812
0.6129032258064516,0.18811881188118812
0.6129032258064516,0.18811881188118812
0.6129032258064516,0.1875
0.6129032258064516,0.1875
0.6129032258064516,0.1875
0.6129032258064516,0.1875
0.6129032258064516,0.1875
0.6129032258064516,0.1875
0.6129032258064516,0.1875
0.6129032258064516,0.1875
0.6129032258064516,0.18688524590163935
0.6129032258064516,0.18627450980392157
0.6129032258064516,0.18627450980392157
0.6129032258064516,0.18566775244299674
0.6129032258064516,0.18506493506493507
0.6129032258064516,0.18446601941747573
0.6129032258064516,0.18446601941747573
0.6129032258064516,0.18446601941747573
0.6129032258064516,0.18446601941747573
0.6129032258064516,0.18387096774193548
0.6129032258064516,0.18387096774193548
0.6129032258064516,0.18387096774193548
0.6129032258064516,0.1832797427652733
0.6129032258064516,0.1832797427652733
0.6129032258064516,0.1832797427652733
0.6129032258064516,0.1832797427652733
0.6129032258064516,0.1832797427652733
0.6129032258064516,0.1832797427652733
0.6129032258064516,0.1832797427652733
0.6129032258064516,0.1832797427652733
0.6129032258064516,0.18269230769230768
0.6129032258064516,0.18269230769230768
0.6129032258064516,0.18269230769230768
0.6129032258064516,0.18269230769230768
0.6129032258064516,0.18269230769230768
0.6129032258064516,0.18210862619808307
0.6129032258064516,0.18210862619808307
0.6129032258064516,0.18210862619808307
0.6129032258064516,0.18210862619808307
0.6129032258064516,0.18210862619808307
0.6129032258064516,0.18210862619808307
0.6129032258064516,0.18152866242038215
0.6129032258064516,0.18152866242038215
0.6129032258064516,0.18095238095238095
0.6129032258064516,0.18095238095238095
0.6129032258064516,0.18037974683544303
0.6129032258064516,0.17981072555205047
0.6129032258064516,0.1792452830188679
0.6129032258064516,0.1792452830188679
0.6129032258064516,0.1792452830188679
0.6129032258064516,0.1792452830188679
0.6129032258064516,0.1786833855799373
0.6129032258064516,0.178125
0.6129032258064516,0.17757009345794392
0.6129032258064516,0.17757009345794392
0.6129032258064516,0.17701863354037267
0.6129032258064516,0.17701863354037267
0.6129032258064516,0.17701863354037267
0.6129032258064516,0.17701863354037267
0.6129032258064516,0.17701863354037267
0.6129032258064516,0.17701863354037267
0.6129032258064516,0.17701863354037267
0.6129032258064516,0.17701863354037267
0.6129032258064516,0.17701863354037267
0.6129032258064516,0.17701863354037267
0.6236559139784946,0.17956656346749225
0.6236559139784946,0.17956656346749225
0.6236559139784946,0.17956656346749225
0.6236559139784946,0.17956656346749225
0.6236559139784946,0.17901234567901234
0.6236559139784946,0.17901234567901234
0.6236559139784946,0.17901234567901234
0.6236559139784946,0.17901234567901234
0.6236559139784946,0.17901234567901234
0.6236559139784946,0.17901234567901234
0.6236559139784946,0.17846153846153845
0.6236559139784946,0.17846153846153845
0.6236559139784946,0.17846153846153845
0.6236559139784946,0.17846153846153845
0.6236559139784946,0.17846153846153845
0.6236559139784946,0.17846153846153845
0.6236559139784946,0.17846153846153845
0.6236559139784946,0.17846153846153845
0.6236559139784946,0.17791411042944785
0.6236559139784946,0.17791411042944785
0.6236559139784946,0.17791411042944785
0.6236559139784946,0.17791411042944785
0.6236559139784946,0.17737003058103976
0.6236559139784946,0.17737003058103976
0.6236559139784946,0.17737003058103976
0.6236559139784946,0.17682926829268292
0.6236559139784946,0.17682926829268292
0.6236559139784946,0.17682926829268292
0.6236559139784946,0.17682926829268292
0.6236559139784946,0.1762917933130699
0.6236559139784946,0.1762917933130699
0.6236559139784946,0.17575757575757575
0.6236559139784946,0.17575757575757575
0.6236559139784946,0.17522658610271905
0.6236559139784946,0.17522658610271905
0.6236559139784946,0.17522658610271905
0.6236559139784946,0.17522658610271905
0.6236559139784946,0.17522658610271905
0.6236559139784946,0.17522658610271905
0.6236559139784946,0.17522658610271905
0.6236559139784946,0.17522658610271905
0.6236559139784946,0.17522658610271905
0.6236559139784946,0.17522658610271905
0.6236559139784946,0.17522658610271905
0.6236559139784946,0.17522658610271905
0.6236559139784946,0.17522658610271905
0.6236559139784946,0.17522658610271905
0.6236559139784946,0.17522658610271905
0.6236559139784946,0.1746987951807229
0.6236559139784946,0.1746987951807229
0.6236559139784946,0.1746987951807229
0.6236559139784946,0.1746987951807229
0.6236559139784946,0.17417417417417416
0.6236559139784946,0.17417417417417416
0.6236559139784946,0.17365269461077845
0.6236559139784946,0.17365269461077845
0.6236559139784946,0.17365269461077845
0.6236559139784946,0.17313432835820897
0.6236559139784946,0.17261904761904762
0.6236559139784946,0.17261904761904762
0.6236559139784946,0.17210682492581603
0.6236559139784946,0.17210682492581603
0.6236559139784946,0.17210682492581603
0.6236559139784946,0.17210682492581603
0.6236559139784946,0.17210682492581603
0.6236559139784946,0.17210682492581603
0.6236559139784946,0.17210682492581603
0.6236559139784946,0.17210682492581603
0.6236559139784946,0.17210682492581603
0.6236559139784946,0.17210682492581603
0.6236559139784946,0.17159763313609466
0.6236559139784946,0.17159763313609466
0.6236559139784946,0.17159763313609466
0.6236559139784946,0.17159763313609466
0.6236559139784946,0.17159763313609466
0.6236559139784946,0.17159763313609466
0.6236559139784946,0.1710914454277286
0.6236559139784946,0.1710914454277286
0.6236559139784946,0.17058823529411765
0.6236559139784946,0.17058823529411765
0.6236559139784946,0.17058823529411765
0.6236559139784946,0.17008797653958943
0.6236559139784946,0.17008797653958943
0.6236559139784946,0.17008797653958943
0.6236559139784946,0.17008797653958943
0.6236559139784946,0.1695906432748538
0.6236559139784946,0.16909620991253643
0.6236559139784946,0.16909620991253643
0.6236559139784946,0.16909620991253643
0.6236559139784946,0.16909620991253643
0.6236559139784946,0.16909620991253643
0.6236559139784946,0.16909620991253643
0.6236559139784946,0.16909620991253643
0.6236559139784946,0.16909620991253643
0.6236559139784946,0.16909620991253643
0.6236559139784946,0.1686046511627907
0.6236559139784946,0.1686046511627907
0.6236559139784946,0.1686046511627907
0.6236559139784946,0.1681159420289855
0.6236559139784946,0.1681159420289855
0.6236559139784946,0.1676300578034682
0.6236559139784946,0.1676300578034682
0.6236559139784946,0.1676300578034682
0.6236559139784946,0.1676300578034682
0.6236559139784946,0.16714697406340057
0.6236559139784946,0.16666666666666666
0.6236559139784946,0.16666666666666666
0.6236559139784946,0.16666666666666666
0.6236559139784946,0.16666666666666666
0.6236559139784946,0.16666666666666666
0.6236559139784946,0.16666666666666666
0.6236559139784946,0.16666666666666666
0.6236559139784946,0.16666666666666666
0.6236559139784946,0.16666666666666666
0.6236559139784946,0.16666666666666666
0.6236559139784946,0.16666666666666666
0.6236559139784946,0.166189111747851
0.6236559139784946,0.166189111747851
0.6236559139784946,0.166189111747851
0.6236559139784946,0.1657142857142857
0.6236559139784946,0.1657142857142857
0.6236559139784946,0.1657142857142857
0.6236559139784946,0.1657142857142857
0.6236559139784946,0.1657142857142857
0.6236559139784946,0.1657142857142857
0.6236559139784946,0.1657142857142857
0.6236559139784946,0.1657142857142857
0.6236559139784946,0.1657142857142857
0.6236559139784946,0.1657142857142857
0.6236559139784946,0.1657142857142857
0.6236559139784946,0.1657142857142857
0.6236559139784946,0.16524216524216523
0.6236559139784946,0.16524216524216523
0.6236559139784946,0.16524216524216523
0.6236559139784946,0.16524216524216523
0.6236559139784946,0.16524216524216523
0.6236559139784946,0.16524216524216523
0.6236559139784946,0.16524216524216523
0.6236559139784946,0.16524216524216523
0.6236559139784946,0.16524216524216523
0.6236559139784946,0.16524216524216523
0.6236559139784946,0.16524216524216523
0.6236559139784946,0.16524216524216523
0.6236559139784946,0.16477272727272727
0.6236559139784946,0.16477272727272727
0.6236559139784946,0.1643059490084986
0.6236559139784946,0.1643059490084986
0.6236559139784946,0.1643059490084986
0.6236559139784946,0.1643059490084986
0.6236559139784946,0.1643059490084986
0.6236559139784946,0.1643059490084986
0.6236559139784946,0.1643059490084986
0.6236559139784946,0.1643059490084986
0.6236559139784946,0.1643059490084986
0.6236559139784946,0.1643059490084986
0.6236559139784946,0.1638418079096045
0.6236559139784946,0.1638418079096045
0.6236559139784946,0.16338028169014085
0.6236559139784946,0.16338028169014085
0.6236559139784946,0.16338028169014085
0.6236559139784946,0.16338028169014085
0.6236559139784946,0.16338028169014085
0.6236559139784946,0.16338028169014085
0.6236559139784946,0.16292134831460675
0.6236559139784946,0.16292134831460675
0.6236559139784946,0.16292134831460675
0.6236559139784946,0.16246498599439776
0.6236559139784946,0.16246498599439776
0.6236559139784946,0.16201117318435754
0.6236559139784946,0.16201117318435754
0.6236559139784946,0.16201117318435754
0.6236559139784946,0.16201117318435754
0.6236559139784946,0.1615598885793872
0.6236559139784946,0.1615598885793872
0.6236559139784946,0.1615598885793872
0.6236559139784946,0.1615598885793872
0.6236559139784946,0.16111111111111112
0.6236559139784946,0.16111111111111112
0.6236559139784946,0.16111111111111112
0.6236559139784946,0.16066481994459833
0.6236559139784946,0.16066481994459833
0.6236559139784946,0.16066481994459833
0.6236559139784946,0.16022099447513813
0.6236559139784946,0.15977961432506887
0.6236559139784946,0.15977961432506887
0.6236559139784946,0.15977961432506887
0.6236559139784946,0.15977961432506887
0.6236559139784946,0.15934065934065933
0.6236559139784946,0.15934065934065933
0.6236559139784946,0.1589041095890411
0.6236559139784946,0.1589041095890411
0.6236559139784946,0.15846994535519127
0.6236559139784946,0.15846994535519127
0.6236559139784946,0.15846994535519127
0.6236559139784946,0.15846994535519127
0.6236559139784946,0.15846994535519127
0.6236559139784946,0.15846994535519127
0.6236559139784946,0.15846994535519127
0.6236559139784946,0.15846994535519127
0.6236559139784946,0.15846994535519127
0.6236559139784946,0.15846994535519127
0.6236559139784946,0.15846994535519127
0.6236559139784946,0.15846994535519127
0.6236559139784946,0.15846994535519127
0.6236559139784946,0.15803814713896458
0.6236559139784946,0.15803814713896458
0.6236559139784946,0.15803814713896458
0.6236559139784946,0.15803814713896458
0.6236559139784946,0.15803814713896458
0.6236559139784946,0.15803814713896458
0.6236559139784946,0.15803814713896458
0.6236559139784946,0.15760869565217392
0.6236559139784946,0.15760869565217392
0.6236559139784946,0.15760869565217392
0.6344086021505376,0.15989159891598917
0.6344086021505376,0.15945945945945947
0.6344086021505376,0.15902964959568733
0.6344086021505376,0.15902964959568733
0.6344086021505376,0.15902964959568733
0.6344086021505376,0.1586021505376344
0.6344086021505376,0.1586021505376344
0.6344086021505376,0.1586021505376344
0.6344086021505376,0.1581769436997319
0.6344086021505376,0.15775401069518716
0.6344086021505376,0.15775401069518716
0.6344086021505376,0.15775401069518716
0.6344086021505376,0.15733333333333333
0.6344086021505376,0.15733333333333333
0.6344086021505376,0.15691489361702127
0.6344086021505376,0.15691489361702127
0.6344086021505376,0.15649867374005305
0.6344086021505376,0.15649867374005305
0.6344086021505376,0.15649867374005305
0.6344086021505376,0.15649867374005305
0.6344086021505376,0.15649867374005305
0.6344086021505376,0.15649867374005305
0.6344086021505376,0.15649867374005305
0.6344086021505376,0.15649867374005305
0.6344086021505376,0.15608465608465608
0.6344086021505376,0.15608465608465608
0.6344086021505376,0.15608465608465608
0.6344086021505376,0.15608465608465608
0.6344086021505376,0.15608465608465608
0.6344086021505376,0.15567282321899736
0.6344086021505376,0.15567282321899736
0.6344086021505376,0.15567282321899736
0.6344086021505376,0.15567282321899736
0.6344086021505376,0.15567282321899736
0.6344086021505376,0.15526315789473685
0.6344086021505376,0.15526315789473685
0.6344086021505376,0.15485564304461943
0.6344086021505376,0.15485564304461943
0.6344086021505376,0.1544502617801047
0.6344086021505376,0.1544502617801047
0.6344086021505376,0.1544502617801047
0.6344086021505376,0.1544502617801047
0.6344086021505376,0.1544502617801047
0.6344086021505376,0.1544502617801047
0.6344086021505376,0.1544502617801047
0.6344086021505376,0.1544502617801047
0.6344086021505376,0.1544502617801047
0.6344086021505376,0.1544502617801047
0.6344086021505376,0.15404699738903394
0.6344086021505376,0.15404699738903394
0.6344086021505376,0.15404699738903394
0.6344086021505376,0.15404699738903394
0.6344086021505376,0.15364583333333334
0.6344086021505376,0.15364583333333334
0.6344086021505376,0.15364583333333334
0.6344086021505376,0.15364583333333334
0.6344086021505376,0.15364583333333334
0.6344086021505376,0.15364583333333334
0.6344086021505376,0.15364583333333334
0.6344086021505376,0.15364583333333334
0.6344086021505376,0.15364583333333334
0.6344086021505376,0.15364583333333334
0.6344086021505376,0.15364583333333334
0.6344086021505376,0.15364583333333334
0.6344086021505376,0.15364583333333334
0.6344086021505376,0.15364583333333334
0.6344086021505376,0.15324675324675324
0.6344086021505376,0.15324675324675324
0.6344086021505376,0.15324675324675324
0.6344086021505376,0.15284974093264247
0.6344086021505376,0.15284974093264247
0.6344086021505376,0.1524547803617571
0.6344086021505376,0.1524547803617571
0.6344086021505376,0.1524547803617571
0.6344086021505376,0.1524547803617571
0.6344086021505376,0.1524547803617571
0.6344086021505376,0.1524547803617571
0.6344086021505376,0.1524547803617571
0.6344086021505376,0.1524547803617571
0.6344086021505376,0.1524547803617571
0.6344086021505376,0.1524547803617571
0.6344086021505376,0.1524547803617571
0.6344086021505376,0.1524547803617571
0.6344086021505376,0.1524547803617571
0.6344086021505376,0.1524547803617571
0.6344086021505376,0.1524547803617571
0.6344086021505376,0.1524547803617571
0.6344086021505376,0.1524547803617571
0.6344086021505376,0.1524547803617571
0.6344086021505376,0.1524547803617571
0.6344086021505376,0.15206185567010308
0.6344086021505376,0.15206185567010308
0.6344086021505376,0.15206185567010308
0.6344086021505376,0.15206185567010308
0.6344086021505376,0.15206185567010308
0.6344086021505376,0.15167095115681234
0.6344086021505376,0.15167095115681234
0.6344086021505376,0.15128205128205127
0.6344086021505376,0.15128205128205127
0.6344086021505376,0.15089514066496162
0.6344086021505376,0.15089514066496162
0.6344086021505376,0.15051020408163265
0.6344086021505376,0.15051020408163265
0.6344086021505376,0.15051020408163265
0.6344086021505376,0.15012722646310434
0.6344086021505376,0.15012722646310434
0.6344086021505376,0.15012722646310434
0.6344086021505376,0.15012722646310434
0.6344086021505376,0.15012722646310434
0.6344086021505376,0.15012722646310434
0.6344086021505376,0.15012722646310434
0.6344086021505376,0.14974619289340102
0.6344086021505376,0.14974619289340102
0.6344086021505376,0.14974619289340102
0.6344086021505376,0.14974619289340102
0.6344086021505376,0.14974619289340102
0.6344086021505376,0.14974619289340102
0.6344086021505376,0.14974619289340102
0.6344086021505376,0.14936708860759493
0.6344086021505376,0.14936708860759493
0.6344086021505376,0.14936708860759493
0.6344086021505376,0.14936708860759493
0.6344086021505376,0.14936708860759493
0.6344086021505376,0.14936708860759493
0.6344086021505376,0.14898989898989898
0.6344086021505376,0.14898989898989898
0.6344086021505376,0.14898989898989898
0.6344086021505376,0.1486146095717884
0.6344086021505376,0.1486146095717884
0.6344086021505376,0.1486146095717884
0.6344086021505376,0.1486146095717884
0.6344086021505376,0.1486146095717884
0.6344086021505376,0.1486146095717884
0.6344086021505376,0.1486146095717884
0.6344086021505376,0.1486146095717884
0.6344086021505376,0.1486146095717884
0.6344086021505376,0.1486146095717884
0.6344086021505376,0.1486146095717884
0.6344086021505376,0.1486146095717884
0.6344086021505376,0.1486146095717884
0.6344086021505376,0.1486146095717884
0.6344086021505376,0.1486146095717884
0.6344086021505376,0.1486146095717884
0.6344086021505376,0.1486146095717884
0.6344086021505376,0.1486146095717884
0.6344086021505376,0.1486146095717884
0.6344086021505376,0.1486146095717884
0.6344086021505376,0.1486146095717884
0.6344086021505376,0.14824120603015076
0.6344086021505376,0.14824120603015076
0.6344086021505376,0.14824120603015076
0.6344086021505376,0.14824120603015076
0.6344086021505376,0.14824120603015076
0.6344086021505376,0.14824120603015076
0.6344086021505376,0.14824120603015076
0.6344086021505376,0.14786967418546365
0.6344086021505376,0.14786967418546365
0.6344086021505376,0.14786967418546365
0.6344086021505376,0.14786967418546365
0.6344086021505376,0.14786967418546365
0.6344086021505376,0.14786967418546365
0.6344086021505376,0.14786967418546365
0.6344086021505376,0.14786967418546365
0.6344086021505376,0.1475
0.6344086021505376,0.1475
0.6344086021505376,0.1475
0.6344086021505376,0.1475
0.6344086021505376,0.1475
0.6344086021505376,0.1475
0.6344086021505376,0.1475
0.6344086021505376,0.1475
0.6344086021505376,0.1475
0.6344086021505376,0.1475
0.6344086021505376,0.1475
0.6344086021505376,0.14713216957605985
0.6344086021505376,0.14713216957605985
0.6344086021505376,0.14713216957605985
0.6344086021505376,0.14713216957605985
0.6344086021505376,0.14713216957605985
0.6344086021505376,0.14713216957605985
0.6344086021505376,0.14713216957605985
0.6344086021505376,0.14713216957605985
0.6344086021505376,0.14713216957605985
0.6344086021505376,0.14713216957605985
0.6344086021505376,0.14713216957605985
0.6344086021505376,0.14713216957605985
0.6344086021505376,0.14713216957605985
0.6344086021505376,0.14676616915422885
0.6344086021505376,0.14676616915422885
0.6344086021505376,0.14676616915422885
0.6344086021505376,0.14676616915422885
0.6344086021505376,0.14676616915422885
0.6344086021505376,0.14676616915422885
0.6344086021505376,0.14640198511166252
0.6344086021505376,0.14640198511166252
0.6344086021505376,0.14640198511166252
0.6344086021505376,0.14640198511166252
0.6344086021505376,0.14603960396039603
0.6344086021505376,0.14603960396039603
0.6344086021505376,0.14603960396039603
0.6344086021505376,0.14603960396039603
0.6344086021505376,0.14603960396039603
0.6344086021505376,0.14603960396039603
0.6344086021505376,0.14603960396039603
0.6344086021505376,0.145679012345679
0.6344086021505376,0.145679012345679
0.6344086021505376,0.145679012345679
0.6344086021505376,0.14532019704433496
0.6344086021505376,0.14532019704433496
0.6344086021505376,0.14532019704433496
0.6344086021505376,0.14532019704433496
0.6344086021505376,0.14532019704433496
0.6344086021505376,0.14532019704433496
0.6344086021505376,0.14532019704433496
0.6344086021505376,0.14532019704433496
0.6344086021505376,0.14532019704433496
0.6344086021505376,0.14532019704433496
0.6344086021505376,0.14532019704433496
0.6344086021505376,0.14496314496314497
0.6344086021505376,0.14496314496314497
0.6344086021505376,0.14496314496314497
0.6344086021505376,0.14496314496314497
0.6344086021505376,0.14460784313725492
0.6344086021505376,0.14425427872860636
0.6344086021505376,0.14425427872860636
0.6344086021505376,0.14390243902439023
0.6344086021505376,0.14390243902439023
0.6344086021505376,0.14390243902439023
0.6344086021505376,0.14390243902439023
0.6344086021505376,0.14390243902439023
0.6344086021505376,0.14390243902439023
0.6344086021505376,0.14390243902439023
0.6344086021505376,0.14390243902439023
0.6344086021505376,0.14390243902439023
0.6344086021505376,0.14390243902439023
0.6344086021505376,0.14390243902439023
0.6344086021505376,0.14390243902439023
0.6344086021505376,0.14390243902439023
0.6344086021505376,0.14390243902439023
0.6344086021505376,0.14390243902439023
0.6344086021505376,0.14390243902439023
0.6344086021505376,0.14390243902439023
0.6344086021505376,0.14390243902439023
0.6344086021505376,0.14390243902439023
0.6344086021505376,0.14390243902439023
0.6344086021505376,0.14390243902439023
0.6344086021505376,0.14390243902439023
0.6344086021505376,0.14390243902439023
0.6344086021505376,0.14390243902439023
0.6344086021505376,0.14390243902439023
0.6344086021505376,0.14390243902439023
0.6344086021505376,0.1435523114355231
0.6344086021505376,0.1435523114355231
0.6344086021505376,0.1435523114355231
0.6344086021505376,0.1435523114355231
0.6344086021505376,0.1435523114355231
0.6344086021505376,0.1435523114355231
0.6344086021505376,0.1435523114355231
0.6344086021505376,0.1435523114355231
0.6344086021505376,0.1435523114355231
0.6344086021505376,0.14320388349514562
0.6344086021505376,0.14320388349514562
0.6344086021505376,0.14320388349514562
0.6344086021505376,0.14285714285714285
0.6344086021505376,0.14285714285714285
0.6344086021505376,0.14285714285714285
0.6344086021505376,0.14285714285714285
0.6344086021505376,0.14285714285714285
0.6344086021505376,0.14285714285714285
0.6344086021505376,0.14285714285714285
0.6344086021505376,0.14285714285714285
0.6344086021505376,0.14285714285714285
0.6344086021505376,0.14285714285714285
0.6344086021505376,0.14285714285714285
0.6344086021505376,0.14251207729468598
0.6344086021505376,0.14251207729468598
0.6344086021505376,0.14251207729468598
0.6344086021505376,0.14251207729468598
0.6344086021505376,0.14251207729468598
0.6344086021505376,0.14216867469879518
0.6344086021505376,0.14216867469879518
0.6344086021505376,0.14216867469879518
0.6344086021505376,0.14182692307692307
0.6344086021505376,0.14182692307692307
0.6344086021505376,0.14182692307692307
0.6344086021505376,0.14182692307692307
0.6344086021505376,0.14182692307692307
0.6344086021505376,0.14182692307692307
0.6344086021505376,0.14182692307692307
0.6344086021505376,0.14182692307692307
0.6344086021505376,0.14182692307692307
0.6344086021505376,0.14182692307692307
0.6344086021505376,0.14182692307692307
0.6344086021505376,0.14182692307692307
0.6344086021505376,0.14182692307692307
0.6344086021505376,0.14148681055155876
0.6344086021505376,0.14148681055155876
0.6344086021505376,0.14148681055155876
0.6344086021505376,0.14148681055155876
0.6344086021505376,0.14148681055155876
0.6344086021505376,0.14114832535885166
0.6344086021505376,0.14081145584725538
0.6344086021505376,0.14081145584725538
0.6344086021505376,0.14081145584725538
0.6344086021505376,0.14047619047619048
0.6344086021505376,0.14047619047619048
0.6344086021505376,0.14047619047619048
0.6344086021505376,0.14047619047619048
0.6344086021505376,0.14047619047619048
0.6344086021505376,0.14047619047619048
0.6344086021505376,0.14047619047619048
0.6344086021505376,0.14047619047619048
0.6344086021505376,0.14047619047619048
0.6344086021505376,0.14047619047619048
0.6344086021505376,0.14047619047619048
0.6344086021505376,0.14047619047619048
0.6344086021505376,0.14047619047619048
0.6344086021505376,0.14047619047619048
0.6344086021505376,0.14047619047619048
0.6344086021505376,0.14047619047619048
0.6344086021505376,0.14047619047619048
0.6344086021505376,0.14047619047619048
0.6344086021505376,0.14014251781472684
0.6344086021505376,0.14014251781472684
0.6344086021505376,0.14014251781472684
0.6344086021505376,0.14014251781472684
0.6344086021505376,0.14014251781472684
0.6344086021505376,0.14014251781472684
0.6344086021505376,0.14014251781472684
0.6344086021505376,0.14014251781472684
0.6344086021505376,0.14014251781472684
0.6344086021505376,0.14014251781472684
0.6344086021505376,0.14014251781472684
0.6344086021505376,0.14014251781472684
0.6344086021505376,0.14014251781472684
0.6344086021505376,0.13981042654028436
0.6344086021505376,0.13981042654028436
0.6344086021505376,0.13981042654028436
0.6344086021505376,0.13947990543735225
0.6344086021505376,0.13947990543735225
0.6344086021505376,0.13947990543735225
0.6344086021505376,0.13947990543735225
0.6344086021505376,0.13947990543735225
0.6344086021505376,0.13947990543735225
0.6344086021505376,0.13947990543735225
0.6344086021505376,0.13947990543735225
0.6344086021505376,0.13947990543735225
0.6344086021505376,0.1391509433962264
0.6344086021505376,0.1391509433962264
0.6344086021505376,0.1391509433962264
0.6344086021505376,0.1391509433962264
0.6344086021505376,0.1391509433962264
0.6344086021505376,0.1391509433962264
0.6344086021505376,0.1391509433962264
0.6344086021505376,0.1388235294117647
0.6344086021505376,0.1388235294117647
0.6344086021505376,0.1388235294117647
