0.0,1.0
0.018518518518518517,1.0
0.018518518518518517,1.0
0.018518518518518517,1.0
0.018518518518518517,1.0
0.018518518518518517,1.0
0.018518518518518517,1.0
0.018518518518518517,1.0
0.037037037037037035,1.0
0.037037037037037035,1.0
0.037037037037037035,1.0
0.037037037037037035,1.0
0.037037037037037035,1.0
0.037037037037037035,1.0
0.037037037037037035,1.0
0.037037037037037035,1.0
0.05555555555555555,1.0
0.07407407407407407,1.0
0.07407407407407407,1.0
0.07407407407407407,1.0
0.09259259259259259,1.0
0.1111111111111111,1.0
0.12962962962962962,1.0
0.12962962962962962,1.0
0.12962962962962962,1.0
0.14814814814814814,1.0
0.14814814814814814,1.0
0.14814814814814814,1.0
0.14814814814814814,1.0
0.14814814814814814,1.0
0.14814814814814814,1.0
0.14814814814814814,1.0
0.14814814814814814,1.0
0.14814814814814814,1.0
0.16666666666666666,1.0
0.16666666666666666,1.0
0.18518518518518517,1.0
0.18518518518518517,1.0
0.18518518518518517,1.0
0.18518518518518517,1.0
0.18518518518518517,1.0
0.18518518518518517,1.0
0.18518518518518517,1.0
0.18518518518518517,1.0
0.18518518518518517,1.0
0.18518518518518517,1.0
0.2037037037037037,1.0
0.2037037037037037,1.0
0.2037037037037037,1.0
0.2037037037037037,0.9166666666666666
0.2037037037037037,0.9166666666666666
0.2037037037037037,0.9166666666666666
0.2037037037037037,0.9166666666666666
0.2037037037037037,0.9166666666666666
0.2037037037037037,0.8461538461538461
0.2037037037037037,0.8461538461538461
0.2037037037037037,0.8461538461538461
0.2037037037037037,0.8461538461538461
0.2037037037037037,0.8461538461538461
0.2037037037037037,0.8461538461538461
0.2037037037037037,0.8461538461538461
0.2037037037037037,0.8461538461538461
0.2222222222222222,0.8571428571428571
0.2222222222222222,0.8571428571428571
0.2222222222222222,0.8571428571428571
0.24074074074074073,0.8666666666666667
0.24074074074074073,0.8666666666666667
0.24074074074074073,0.8666666666666667
0.24074074074074073,0.8666666666666667
0.24074074074074073,0.8666666666666667
0.24074074074074073,0.8666666666666667
0.25925925925925924,0.875
0.25925925925925924,0.875
0.25925925925925924,0.8235294117647058
0.25925925925925924,0.8235294117647058
0.25925925925925924,0.8235294117647058
0.25925925925925924,0.8235294117647058
0.25925925925925924,0.8235294117647058
0.25925925925925924,0.8235294117647058
0.25925925925925924,0.8235294117647058
0.25925925925925924,0.8235294117647058
0.2777777777777778,0.8333333333333334
0.2777777777777778,0.8333333333333334
0.2777777777777778,0.8333333333333334
0.2777777777777778,0.8333333333333334
0.2777777777777778,0.8333333333333334
0.2777777777777778,0.8333333333333334
0.2777777777777778,0.8333333333333334
0.2777777777777778,0.8333333333333334
0.2777777777777778,0.8333333333333334
0.2777777777777778,0.7894736842105263
0.2962962962962963,0.8
0.2962962962962963,0.8
0.2962962962962963,0.8
0.2962962962962963,0.8
0.2962962962962963,0.8
0.2962962962962963,0.8
0.2962962962962963,0.8
0.2962962962962963,0.8
0.2962962962962963,0.8
0.3148148148148148,0.8095238095238095
0.3148148148148148,0.8095238095238095
0.3333333333333333,0.8181818181818182
0.3333333333333333,0.8181818181818182
0.3333333333333333,0.8181818181818182
0.3333333333333333,0.8181818181818182
0.3333333333333333,0.8181818181818182
0.3333333333333333,0.8181818181818182
0.35185185185185186,0.8260869565217391
0.35185185185185186,0.8260869565217391
0.35185185185185186,0.8260869565217391
0.35185185185185186,0.8260869565217391
0.35185185185185186,0.8260869565217391
0.35185185185185186,0.8260869565217391
0.35185185185185186,0.8260869565217391
0.35185185185185186,0.8260869565217391
0.35185185185185186,0.8260869565217391
0.35185185185185186,0.8260869565217391
0.35185185185185186,0.8260869565217391
0.35185185185185186,0.8260869565217391
0.35185185185185186,0.8260869565217391
0.35185185185185186,0.8260869565217391
0.35185185185185186,0.8260869565217391
0.35185185185185186,0.8260869565217391
0.35185185185185186,0.8260869565217391
0.35185185185185186,0.8260869565217391
0.35185185185185186,0.8260869565217391
0.37037037037037035,0.8333333333333334
0.37037037037037035,0.8333333333333334
0.37037037037037035,0.8333333333333334
0.37037037037037035,0.8333333333333334
0.37037037037037035,0.8333333333333334
0.37037037037037035,0.8333333333333334
0.37037037037037035,0.8333333333333334
0.37037037037037035,0.8333333333333334
0.37037037037037035,0.8333333333333334
0.37037037037037035,0.8333333333333334
0.37037037037037035,0.8333333333333334
0.37037037037037035,0.8333333333333334
0.37037037037037035,0.8333333333333334
0.3888888888888889,0.84
0.3888888888888889,0.84
0.3888888888888889,0.84
0.4074074074074074,0.8461538461538461
0.4074074074074074,0.8461538461538461
0.4074074074074074,0.8148148148148148
0.4074074074074074,0.8148148148148148
0.4074074074074074,0.8148148148148148
0.4074074074074074,0.8148148148148148
0.4074074074074074,0.8148148148148148
0.4074074074074074,0.8148148148148148
0.42592592592592593,0.8214285714285714
0.4444444444444444,0.8275862068965517
0.4444444444444444,0.8275862068965517
0.4444444444444444,0.8275862068965517
0.4444444444444444,0.8275862068965517
0.4444444444444444,0.8275862068965517
0.4444444444444444,0.8275862068965517
0.4444444444444444,0.8275862068965517
0.4444444444444444,0.8275862068965517
0.4444444444444444,0.8
0.4444444444444444,0.8
0.4444444444444444,0.8
0.4444444444444444,0.8
0.4444444444444444,0.8
0.4444444444444444,0.8
0.4444444444444444,0.8
0.4444444444444444,0.8
0.4444444444444444,0.8
0.4444444444444444,0.8
0.4444444444444444,0.8
0.4444444444444444,0.8
0.4444444444444444,0.8
0.4444444444444444,0.8
0.4444444444444444,0.7741935483870968
0.4444444444444444,0.7741935483870968
0.4444444444444444,0.7741935483870968
0.4444444444444444,0.7741935483870968
0.4444444444444444,0.7741935483870968
0.4444444444444444,0.7741935483870968
0.4444444444444444,0.7741935483870968
0.4444444444444444,0.7741935483870968
0.4444444444444444,0.7741935483870968
0.4444444444444444,0.7741935483870968
0.4444444444444444,0.7741935483870968
0.4444444444444444,0.7741935483870968
0.4444444444444444,0.7741935483870968
0.4444444444444444,0.7741935483870968
0.4444444444444444,0.7741935483870968
0.46296296296296297,0.78125
0.46296296296296297,0.78125
0.46296296296296297,0.7575757575757576
0.46296296296296297,0.7575757575757576
0.46296296296296297,0.7352941176470589
0.46296296296296297,0.7142857142857143
0.46296296296296297,0.7142857142857143
0.46296296296296297,0.6944444444444444
0.46296296296296297,0.6756756756756757
0.46296296296296297,0.6756756756756757
0.46296296296296297,0.6756756756756757
0.46296296296296297,0.6756756756756757
0.46296296296296297,0.6578947368421053
0.46296296296296297,0.6578947368421053
0.46296296296296297,0.6578947368421053
0.46296296296296297,0.6578947368421053
0.46296296296296297,0.6578947368421053
0.46296296296296297,0.6578947368421053
0.46296296296296297,0.6578947368421053
0.46296296296296297,0.6578947368421053
0.46296296296296297,0.6578947368421053
0.46296296296296297,0.6578947368421053
0.46296296296296297,0.6578947368421053
0.46296296296296297,0.6578947368421053
0.46296296296296297,0.6578947368421053
0.46296296296296297,0.6578947368421053
0.46296296296296297,0.6578947368421053
0.46296296296296297,0.6410256410256411
0.46296296296296297,0.625
0.46296296296296297,0.6097560975609756
0.46296296296296297,0.6097560975609756
0.46296296296296297,0.6097560975609756
0.46296296296296297,0.6097560975609756
0.46296296296296297,0.6097560975609756
0.46296296296296297,0.6097560975609756
0.46296296296296297,0.5952380952380952
0.46296296296296297,0.5952380952380952
0.46296296296296297,0.5813953488372093
0.46296296296296297,0.5813953488372093
0.46296296296296297,0.5813953488372093
0.46296296296296297,0.5813953488372093
0.46296296296296297,0.5813953488372093
0.48148148148148145,0.5909090909090909
0.48148148148148145,0.5909090909090909
0.48148148148148145,0.5909090909090909
0.48148148148148145,0.5909090909090909
0.48148148148148145,0.5909090909090909
0.48148148148148145,0.5909090909090909
0.48148148148148145,0.5909090909090909
0.48148148148148145,0.5909090909090909
0.48148148148148145,0.5909090909090909
0.48148148148148145,0.5909090909090909
0.48148148148148145,0.5909090909090909
0.48148148148148145,0.5909090909090909
0.48148148148148145,0.5777777777777777
0.48148148148148145,0.5777777777777777
0.48148148148148145,0.5777777777777777
0.5,0.5869565217391305
0.5,0.574468085106383
0.5,0.5625
0.5,0.5625
0.5,0.5510204081632653
0.5,0.5510204081632653
0.5,0.5510204081632653
0.5,0.5510204081632653
0.5,0.5510204081632653
0.5,0.5510204081632653
0.5,0.5510204081632653
0.5185185185185185,0.56
0.5370370370370371,0.5686274509803921
0.5370370370370371,0.5686274509803921
0.5370370370370371,0.5686274509803921
0.5370370370370371,0.5686274509803921
0.5370370370370371,0.5686274509803921
0.5370370370370371,0.5686274509803921
0.5370370370370371,0.5686274509803921
0.5370370370370371,0.5686274509803921
0.5370370370370371,0.5686274509803921
0.5555555555555556,0.5769230769230769
0.5555555555555556,0.5769230769230769
0.5555555555555556,0.5769230769230769
0.5555555555555556,0.5660377358490566
0.5555555555555556,0.5660377358490566
0.5555555555555556,0.5660377358490566
0.5740740740740741,0.5740740740740741
0.5740740740740741,0.5636363636363636
0.5740740740740741,0.5636363636363636
0.5740740740740741,0.5636363636363636
0.5740740740740741,0.5636363636363636
0.5740740740740741,0.5636363636363636
0.5740740740740741,0.5636363636363636
0.5925925925925926,0.5714285714285714
0.5925925925925926,0.5714285714285714
0.5925925925925926,0.5714285714285714
0.5925925925925926,0.5714285714285714
0.5925925925925926,0.5714285714285714
0.5925925925925926,0.5614035087719298
0.5925925925925926,0.5614035087719298
0.5925925925925926,0.5614035087719298
0.5925925925925926,0.5614035087719298
0.5925925925925926,0.5614035087719298
0.5925925925925926,0.5614035087719298
0.5925925925925926,0.5614035087719298
0.5925925925925926,0.5614035087719298
0.5925925925925926,0.5614035087719298
0.5925925925925926,0.5614035087719298
0.5925925925925926,0.5614035087719298
0.5925925925925926,0.5614035087719298
0.5925925925925926,0.5614035087719298
0.5925925925925926,0.5614035087719298
0.5925925925925926,0.5614035087719298
0.5925925925925926,0.5614035087719298
0.5925925925925926,0.5614035087719298
0.6111111111111112,0.5689655172413793
0.6111111111111112,0.5689655172413793
0.6111111111111112,0.5689655172413793
0.6111111111111112,0.5689655172413793
0.6111111111111112,0.5689655172413793
0.6111111111111112,0.5689655172413793
0.6296296296296297,0.576271186440678
0.6296296296296297,0.5666666666666667
0.6296296296296297,0.5666666666666667
0.6296296296296297,0.5666666666666667
0.6296296296296297,0.5666666666666667
0.6481481481481481,0.5737704918032787
0.6666666666666666,0.5806451612903226
0.6666666666666666,0.5806451612903226
0.6666666666666666,0.5714285714285714
0.6666666666666666,0.5714285714285714
0.6666666666666666,0.5714285714285714
0.6666666666666666,0.5714285714285714
0.6851851851851852,0.578125
0.6851851851851852,0.578125
0.6851851851851852,0.578125
0.6851851851851852,0.578125
0.6851851851851852,0.578125
0.6851851851851852,0.578125
0.6851851851851852,0.578125
0.6851851851851852,0.578125
0.6851851851851852,0.578125
0.6851851851851852,0.5692307692307692
0.7037037037037037,0.5757575757575758
0.7037037037037037,0.5757575757575758
0.7037037037037037,0.5757575757575758
0.7037037037037037,0.5757575757575758
0.7037037037037037,0.5757575757575758
0.7037037037037037,0.5757575757575758
0.7037037037037037,0.5757575757575758
0.7037037037037037,0.5757575757575758
0.7037037037037037,0.5757575757575758
0.7037037037037037,0.5757575757575758
0.7037037037037037,0.5757575757575758
0.7037037037037037,0.5757575757575758
0.7037037037037037,0.5757575757575758
0.7037037037037037,0.5757575757575758
0.7037037037037037,0.5757575757575758
0.7037037037037037,0.5757575757575758
0.7037037037037037,0.5757575757575758
0.7037037037037037,0.5757575757575758
0.7037037037037037,0.5757575757575758
0.7037037037037037,0.5757575757575758
0.7037037037037037,0.5757575757575758
0.7037037037037037,0.5757575757575758
0.7037037037037037,0.5757575757575758
0.7037037037037037,0.5757575757575758
0.7037037037037037,0.5671641791044776
0.7037037037037037,0.5671641791044776
0.7037037037037037,0.5671641791044776
0.7037037037037037,0.5671641791044776
0.7037037037037037,0.5671641791044776
0.7037037037037037,0.5671641791044776
0.7037037037037037,0.5671641791044776
0.7037037037037037,0.5671641791044776
0.7037037037037037,0.5671641791044776
0.7037037037037037,0.5671641791044776
0.7037037037037037,0.5671641791044776
0.7037037037037037,0.5671641791044776
0.7037037037037037,0.5671641791044776
0.7037037037037037,0.5671641791044776
0.7037037037037037,0.5588235294117647
0.7037037037037037,0.5588235294117647
0.7037037037037037,0.5507246376811594
0.7037037037037037,0.5507246376811594
0.7037037037037037,0.5507246376811594
0.7037037037037037,0.5507246376811594
0.7037037037037037,0.5428571428571428
0.7037037037037037,0.5428571428571428
0.7037037037037037,0.5428571428571428
0.7037037037037037,0.5352112676056338
0.7037037037037037,0.5277777777777778
0.7037037037037037,0.5277777777777778
0.7037037037037037,0.5277777777777778
0.7037037037037037,0.5277777777777778
0.7037037037037037,0.5205479452054794
0.7037037037037037,0.5205479452054794
0.7037037037037037,0.5205479452054794
0.7037037037037037,0.5205479452054794
0.7037037037037037,0.5205479452054794
0.7037037037037037,0.5205479452054794
0.7037037037037037,0.5205479452054794
0.7037037037037037,0.5205479452054794
0.7037037037037037,0.5205479452054794
0.7037037037037037,0.5205479452054794
0.7222222222222222,0.527027027027027
0.7222222222222222,0.527027027027027
0.7222222222222222,0.527027027027027
0.7222222222222222,0.527027027027027
0.7222222222222222,0.527027027027027
0.7222222222222222,0.527027027027027
0.7222222222222222,0.527027027027027
0.7222222222222222,0.527027027027027
0.7222222222222222,0.527027027027027
0.7222222222222222,0.527027027027027
0.7222222222222222,0.527027027027027
0.7222222222222222,0.527027027027027
0.7222222222222222,0.527027027027027
0.7222222222222222,0.52
0.7222222222222222,0.52
0.7222222222222222,0.52
0.7222222222222222,0.52
0.7222222222222222,0.52
0.7222222222222222,0.5131578947368421
0.7222222222222222,0.5131578947368421
0.7222222222222222,0.5131578947368421
0.7222222222222222,0.5131578947368421
0.7222222222222222,0.5064935064935064
0.7222222222222222,0.5064935064935064
0.7222222222222222,0.5064935064935064
0.7222222222222222,0.5064935064935064
0.7222222222222222,0.5064935064935064
0.7222222222222222,0.5064935064935064
0.7222222222222222,0.5064935064935064
0.7222222222222222,0.5064935064935064
0.7222222222222222,0.5064935064935064
0.7222222222222222,0.5
0.7222222222222222,0.5
0.7222222222222222,0.5
0.7222222222222222,0.5
0.7222222222222222,0.5
0.7222222222222222,0.5
0.7222222222222222,0.4936708860759494
0.7222222222222222,0.4936708860759494
0.7222222222222222,0.4936708860759494
0.7222222222222222,0.4936708860759494
0.7222222222222222,0.4936708860759494
0.7222222222222222,0.4936708860759494
0.7222222222222222,0.4875
0.7222222222222222,0.4875
0.7222222222222222,0.4875
0.7222222222222222,0.4875
0.7222222222222222,0.4875
0.7222222222222222,0.4875
0.7222222222222222,0.4875
0.7222222222222222,0.4875
0.7222222222222222,0.4875
0.7222222222222222,0.4875
0.7222222222222222,0.4875
0.7222222222222222,0.4875
0.7222222222222222,0.48148148148148145
0.7222222222222222,0.48148148148148145
0.7222222222222222,0.48148148148148145
0.7407407407407407,0.4878048780487805
0.7407407407407407,0.4878048780487805
0.7407407407407407,0.4878048780487805
0.7407407407407407,0.4878048780487805
0.7407407407407407,0.4878048780487805
0.7407407407407407,0.4878048780487805
0.7407407407407407,0.4878048780487805
0.7407407407407407,0.4878048780487805
0.7407407407407407,0.4878048780487805
0.7407407407407407,0.4878048780487805
0.7407407407407407,0.4878048780487805
0.7407407407407407,0.4878048780487805
0.7407407407407407,0.4878048780487805
0.7407407407407407,0.4878048780487805
0.7407407407407407,0.4878048780487805
0.7407407407407407,0.4878048780487805
0.7407407407407407,0.4819277108433735
0.7407407407407407,0.4819277108433735
0.7407407407407407,0.47619047619047616
0.7407407407407407,0.47619047619047616
0.7407407407407407,0.47619047619047616
0.7407407407407407,0.47619047619047616
0.7407407407407407,0.47619047619047616
0.7407407407407407,0.47619047619047616
0.7407407407407407,0.47058823529411764
0.7407407407407407,0.47058823529411764
0.7407407407407407,0.47058823529411764
0.7407407407407407,0.47058823529411764
0.7407407407407407,0.47058823529411764
0.7407407407407407,0.47058823529411764
0.7407407407407407,0.47058823529411764
0.7407407407407407,0.47058823529411764
0.7407407407407407,0.47058823529411764
0.7407407407407407,0.47058823529411764
0.7407407407407407,0.47058823529411764
0.7407407407407407,0.46511627906976744
0.7407407407407407,0.46511627906976744
0.7592592592592593,0.47126436781609193
0.7592592592592593,0.47126436781609193
0.7592592592592593,0.47126436781609193
0.7592592592592593,0.47126436781609193
0.7592592592592593,0.47126436781609193
0.7592592592592593,0.47126436781609193
0.7592592592592593,0.47126436781609193
0.7592592592592593,0.47126436781609193
0.7592592592592593,0.47126436781609193
0.7592592592592593,0.47126436781609193
0.7592592592592593,0.47126436781609193
0.7592592592592593,0.47126436781609193
0.7592592592592593,0.47126436781609193
0.7592592592592593,0.47126436781609193
0.7592592592592593,0.4659090909090909
0.7592592592592593,0.4659090909090909
0.7592592592592593,0.4659090909090909
0.7592592592592593,0.4659090909090909
0.7592592592592593,0.4659090909090909
0.7592592592592593,0.4659090909090909
0.7592592592592593,0.4659090909090909
0.7592592592592593,0.4606741573033708
0.7592592592592593,0.4606741573033708
0.7592592592592593,0.4606741573033708
0.7592592592592593,0.4606741573033708
0.7592592592592593,0.4606741573033708
0.7592592592592593,0.4606741573033708
0.7592592592592593,0.4606741573033708
0.7592592592592593,0.4606741573033708
0.7592592592592593,0.4606741573033708
0.7592592592592593,0.4606741573033708
0.7592592592592593,0.4606741573033708
0.7592592592592593,0.4606741573033708
0.7592592592592593,0.4606741573033708
0.7592592592592593,0.45555555555555555
0.7592592592592593,0.45555555555555555
0.7592592592592593,0.45555555555555555
0.7592592592592593,0.45555555555555555
0.7592592592592593,0.45555555555555555
0.7592592592592593,0.45054945054945056
0.7592592592592593,0.45054945054945056
0.7592592592592593,0.44565217391304346
0.7592592592592593,0.44565217391304346
0.7592592592592593,0.44565217391304346
0.7592592592592593,0.44565217391304346
0.7592592592592593,0.44565217391304346
0.7592592592592593,0.44565217391304346
0.7592592592592593,0.44565217391304346
0.7592592592592593,0.44086021505376344
0.7592592592592593,0.44086021505376344
0.7592592592592593,0.44086021505376344
0.7777777777777778,0.44680851063829785
0.7777777777777778,0.44680851063829785
0.7777777777777778,0.44680851063829785
0.7777777777777778,0.44680851063829785
0.7777777777777778,0.4421052631578947
0.7777777777777778,0.4421052631578947
0.7777777777777778,0.4421052631578947
0.7777777777777778,0.4421052631578947
0.7777777777777778,0.4421052631578947
0.7777777777777778,0.4421052631578947
0.7777777777777778,0.4375
0.7777777777777778,0.4375
0.7777777777777778,0.4329896907216495
0.7777777777777778,0.4329896907216495
0.7777777777777778,0.4329896907216495
0.7777777777777778,0.4329896907216495
0.7777777777777778,0.4329896907216495
0.7777777777777778,0.4329896907216495
0.7777777777777778,0.4329896907216495
0.7777777777777778,0.4329896907216495
0.7777777777777778,0.4329896907216495
0.7962962962962963,0.4387755102040816
0.7962962962962963,0.43434343434343436
0.7962962962962963,0.43434343434343436
0.7962962962962963,0.43434343434343436
0.7962962962962963,0.43434343434343436
0.7962962962962963,0.43434343434343436
0.7962962962962963,0.43434343434343436
0.7962962962962963,0.43434343434343436
0.7962962962962963,0.43434343434343436
0.7962962962962963,0.43434343434343436
0.7962962962962963,0.43434343434343436
0.7962962962962963,0.43434343434343436
0.7962962962962963,0.43
0.7962962962962963,0.42574257425742573
0.7962962962962963,0.42574257425742573
0.7962962962962963,0.4215686274509804
0.7962962962962963,0.4215686274509804
0.7962962962962963,0.4215686274509804
0.7962962962962963,0.4215686274509804
0.7962962962962963,0.4215686274509804
0.7962962962962963,0.4215686274509804
0.7962962962962963,0.4215686274509804
0.7962962962962963,0.4215686274509804
0.7962962962962963,0.4215686274509804
0.7962962962962963,0.4215686274509804
0.7962962962962963,0.4215686274509804
0.7962962962962963,0.4215686274509804
0.7962962962962963,0.4215686274509804
0.7962962962962963,0.4215686274509804
0.7962962962962963,0.4215686274509804
0.7962962962962963,0.4215686274509804
0.7962962962962963,0.4215686274509804
0.7962962962962963,0.4215686274509804
0.7962962962962963,0.4174757281553398
0.7962962962962963,0.4174757281553398
0.7962962962962963,0.4174757281553398
0.7962962962962963,0.4174757281553398
0.7962962962962963,0.4174757281553398
0.7962962962962963,0.4174757281553398
0.7962962962962963,0.41346153846153844
0.7962962962962963,0.4095238095238095
0.7962962962962963,0.4095238095238095
0.7962962962962963,0.4095238095238095
0.7962962962962963,0.4095238095238095
0.7962962962962963,0.4095238095238095
0.7962962962962963,0.4095238095238095
0.7962962962962963,0.4095238095238095
0.7962962962962963,0.4056603773584906
0.7962962962962963,0.4056603773584906
0.7962962962962963,0.4056603773584906
0.7962962962962963,0.40186915887850466
0.7962962962962963,0.40186915887850466
0.7962962962962963,0.39814814814814814
0.7962962962962963,0.39814814814814814
0.7962962962962963,0.39814814814814814
0.7962962962962963,0.39814814814814814
0.7962962962962963,0.39814814814814814
0.7962962962962963,0.39814814814814814
0.7962962962962963,0.3944954128440367
0.7962962962962963,0.3944954128440367
0.7962962962962963,0.3944954128440367
0.7962962962962963,0.3944954128440367
0.7962962962962963,0.3944954128440367
0.7962962962962963,0.3944954128440367
0.7962962962962963,0.3944954128440367
0.7962962962962963,0.3944954128440367
0.7962962962962963,0.3944954128440367
0.7962962962962963,0.3944954128440367
0.7962962962962963,0.3944954128440367
0.7962962962962963,0.3944954128440367
0.7962962962962963,0.3944954128440367
0.7962962962962963,0.3944954128440367
0.7962962962962963,0.3944954128440367
0.7962962962962963,0.3944954128440367
0.7962962962962963,0.3944954128440367
0.7962962962962963,0.3944954128440367
0.7962962962962963,0.3944954128440367
0.7962962962962963,0.3944954128440367
0.7962962962962963,0.3944954128440367
0.7962962962962963,0.39090909090909093
0.7962962962962963,0.39090909090909093
0.7962962962962963,0.39090909090909093
0.7962962962962963,0.39090909090909093
0.7962962962962963,0.39090909090909093
0.7962962962962963,0.39090909090909093
0.7962962962962963,0.39090909090909093
0.7962962962962963,0.39090909090909093
0.7962962962962963,0.39090909090909093
0.7962962962962963,0.39090909090909093
0.7962962962962963,0.39090909090909093
0.7962962962962963,0.38738738738738737
0.7962962962962963,0.38738738738738737
0.7962962962962963,0.38738738738738737
0.7962962962962963,0.38738738738738737
0.7962962962962963,0.38738738738738737
0.7962962962962963,0.38738738738738737
0.7962962962962963,0.38738738738738737
0.7962962962962963,0.38738738738738737
0.7962962962962963,0.38738738738738737
0.7962962962962963,0.38738738738738737
0.7962962962962963,0.38738738738738737
0.7962962962962963,0.38738738738738737
0.7962962962962963,0.38738738738738737
0.7962962962962963,0.38738738738738737
0.7962962962962963,0.38738738738738737
0.7962962962962963,0.38392857142857145
0.7962962962962963,0.38392857142857145
0.7962962962962963,0.38392857142857145
0.7962962962962963,0.38392857142857145
0.7962962962962963,0.38392857142857145
0.7962962962962963,0.38392857142857145
0.7962962962962963,0.38392857142857145
0.7962962962962963,0.38392857142857145
0.7962962962962963,0.38392857142857145
0.7962962962962963,0.38392857142857145
0.7962962962962963,0.3805309734513274
0.7962962962962963,0.3805309734513274
0.7962962962962963,0.3805309734513274
0.7962962962962963,0.3805309734513274
0.7962962962962963,0.37719298245614036
0.7962962962962963,0.3739130434782609
0.7962962962962963,0.3739130434782609
0.7962962962962963,0.3739130434782609
0.7962962962962963,0.3739130434782609
0.7962962962962963,0.3739130434782609
0.7962962962962963,0.3706896551724138
0.7962962962962963,0.3706896551724138
0.8148148148148148,0.37606837606837606
0.8148148148148148,0.37606837606837606
0.8148148148148148,0.3728813559322034
0.8148148148148148,0.3728813559322034
0.8148148148148148,0.3697478991596639
0.8148148148148148,0.3697478991596639
0.8148148148148148,0.3697478991596639
0.8148148148148148,0.36666666666666664
0.8148148148148148,0.36363636363636365
0.8148148148148148,0.36065573770491804
0.8148148148148148,0.36065573770491804
0.8148148148148148,0.36065573770491804
0.8148148148148148,0.36065573770491804
0.8148148148148148,0.36065573770491804
0.8148148148148148,0.36065573770491804
0.8148148148148148,0.36065573770491804
0.8148148148148148,0.36065573770491804
0.8148148148148148,0.36065573770491804
0.8148148148148148,0.36065573770491804
0.8148148148148148,0.36065573770491804
0.8148148148148148,0.36065573770491804
0.8148148148148148,0.36065573770491804
0.8148148148148148,0.36065573770491804
0.8148148148148148,0.36065573770491804
0.8148148148148148,0.36065573770491804
0.8148148148148148,0.35772357723577236
0.8148148148148148,0.35772357723577236
0.8148148148148148,0.35772357723577236
0.8148148148148148,0.35772357723577236
0.8148148148148148,0.35772357723577236
0.8148148148148148,0.35772357723577236
0.8148148148148148,0.35772357723577236
0.8148148148148148,0.35772357723577236
0.8148148148148148,0.35772357723577236
0.8148148148148148,0.35772357723577236
0.8148148148148148,0.35772357723577236
0.8148148148148148,0.35772357723577236
0.8333333333333334,0.3629032258064516
0.8333333333333334,0.3629032258064516
0.8333333333333334,0.3629032258064516
0.8333333333333334,0.3629032258064516
0.8333333333333334,0.3629032258064516
0.8333333333333334,0.3629032258064516
0.8333333333333334,0.36
0.8333333333333334,0.36
0.8333333333333334,0.36
0.8333333333333334,0.36
0.8333333333333334,0.36
0.8333333333333334,0.36
0.8333333333333334,0.36
0.8333333333333334,0.36
0.8333333333333334,0.36
0.8333333333333334,0.36
0.8333333333333334,0.36
0.8333333333333334,0.36
0.8333333333333334,0.36
0.8333333333333334,0.35714285714285715
0.8333333333333334,0.35714285714285715
0.8333333333333334,0.35714285714285715
0.8333333333333334,0.3543307086614173
0.8333333333333334,0.3515625
0.8333333333333334,0.3515625
0.8333333333333334,0.3515625
0.8333333333333334,0.3515625
0.8333333333333334,0.3515625
0.8333333333333334,0.3515625
0.8333333333333334,0.3515625
0.8333333333333334,0.3515625
0.8333333333333334,0.3515625
0.8333333333333334,0.3488372093023256
0.8333333333333334,0.34615384615384615
0.8333333333333334,0.34615384615384615
0.8333333333333334,0.3435114503816794
0.8333333333333334,0.3435114503816794
0.8333333333333334,0.3409090909090909
0.8333333333333334,0.3409090909090909
0.8333333333333334,0.3383458646616541
0.8333333333333334,0.3383458646616541
0.8333333333333334,0.3383458646616541
0.8333333333333334,0.3383458646616541
0.8333333333333334,0.3383458646616541
0.8333333333333334,0.3383458646616541
0.8333333333333334,0.3358208955223881
0.8333333333333334,0.3358208955223881
0.8333333333333334,0.3358208955223881
0.8333333333333334,0.3333333333333333
0.8333333333333334,0.3333333333333333
0.8333333333333334,0.33088235294117646
0.8333333333333334,0.33088235294117646
0.8333333333333334,0.3284671532846715
0.8333333333333334,0.3284671532846715
0.8333333333333334,0.3284671532846715
0.8333333333333334,0.3284671532846715
0.8333333333333334,0.3284671532846715
0.8333333333333334,0.3284671532846715
0.8333333333333334,0.3284671532846715
0.8333333333333334,0.3284671532846715
0.8333333333333334,0.3284671532846715
0.8333333333333334,0.3284671532846715
0.8333333333333334,0.3284671532846715
0.8333333333333334,0.32608695652173914
0.8333333333333334,0.32608695652173914
0.8333333333333334,0.3237410071942446
0.8333333333333334,0.3237410071942446
0.8333333333333334,0.3237410071942446
0.8333333333333334,0.3237410071942446
0.8333333333333334,0.3237410071942446
0.8333333333333334,0.3237410071942446
0.8333333333333334,0.3237410071942446
0.8333333333333334,0.3237410071942446
0.8333333333333334,0.3237410071942446
0.8333333333333334,0.3237410071942446
0.8333333333333334,0.3237410071942446
0.8333333333333334,0.3237410071942446
0.8333333333333334,0.3237410071942446
0.8518518518518519,0.32857142857142857
0.8518518518518519,0.32857142857142857
0.8518518518518519,0.32857142857142857
0.8518518518518519,0.32857142857142857
0.8518518518518519,0.3262411347517731
0.8518518518518519,0.3262411347517731
0.8518518518518519,0.323943661971831
0.8518518518518519,0.32167832167832167
0.8518518518518519,0.3194444444444444
0.8518518518518519,0.3194444444444444
0.8518518518518519,0.3194444444444444
0.8518518518518519,0.3194444444444444
0.8518518518518519,0.31724137931034485
0.8518518518518519,0.31724137931034485
0.8518518518518519,0.31724137931034485
0.8518518518518519,0.31724137931034485
0.8518518518518519,0.31724137931034485
0.8518518518518519,0.31724137931034485
0.8518518518518519,0.31724137931034485
0.8518518518518519,0.31724137931034485
0.8518518518518519,0.31724137931034485
0.8518518518518519,0.31724137931034485
0.8518518518518519,0.31724137931034485
0.8518518518518519,0.31724137931034485
0.8518518518518519,0.31724137931034485
0.8518518518518519,0.31724137931034485
0.8518518518518519,0.3150684931506849
0.8518518518518519,0.3150684931506849
0.8518518518518519,0.3150684931506849
0.8518518518518519,0.3129251700680272
0.8518518518518519,0.3129251700680272
0.8518518518518519,0.3129251700680272
0.8518518518518519,0.3129251700680272
0.8518518518518519,0.3108108108108108
0.8518518518518519,0.3087248322147651
0.8518518518518519,0.30666666666666664
0.8518518518518519,0.30666666666666664
0.8518518518518519,0.30666666666666664
0.8518518518518519,0.30666666666666664
0.8518518518518519,0.30666666666666664
0.8518518518518519,0.30666666666666664
0.8518518518518519,0.30666666666666664
0.8518518518518519,0.30666666666666664
0.8518518518518519,0.30666666666666664
0.8518518518518519,0.30666666666666664
0.8518518518518519,0.304635761589404
0.8518518518518519,0.304635761589404
0.8518518518518519,0.304635761589404
0.8518518518518519,0.304635761589404
0.8518518518518519,0.304635761589404
0.8518518518518519,0.304635761589404
0.8518518518518519,0.304635761589404
0.8518518518518519,0.304635761589404
0.8518518518518519,0.3026315789473684
0.8518518518518519,0.3026315789473684
0.8518518518518519,0.3026315789473684
0.8518518518518519,0.3026315789473684
0.8518518518518519,0.3006535947712418
0.8518518518518519,0.3006535947712418
0.8518518518518519,0.3006535947712418
0.8518518518518519,0.2987012987012987
0.8518518518518519,0.2987012987012987
0.8518518518518519,0.2987012987012987
0.8518518518518519,0.2967741935483871
0.8518518518518519,0.2948717948717949
0.8518518518518519,0.2948717948717949
0.8518518518518519,0.2948717948717949
0.8518518518518519,0.2948717948717949
0.8518518518518519,0.2948717948717949
0.8518518518518519,0.2929936305732484
0.8518518518518519,0.2929936305732484
0.8518518518518519,0.2929936305732484
0.8518518518518519,0.2929936305732484
0.8518518518518519,0.2929936305732484
0.8518518518518519,0.2929936305732484
0.8703703703703703,0.2974683544303797
0.8703703703703703,0.2974683544303797
0.8703703703703703,0.29559748427672955
0.8703703703703703,0.29375
0.8703703703703703,0.29375
0.8703703703703703,0.29375
0.8703703703703703,0.29375
0.8703703703703703,0.29375
0.8703703703703703,0.29375
0.8703703703703703,0.29375
0.8703703703703703,0.2919254658385093
0.8703703703703703,0.2919254658385093
0.8703703703703703,0.2919254658385093
0.8703703703703703,0.2919254658385093
0.8703703703703703,0.2919254658385093
0.8703703703703703,0.2919254658385093
0.8703703703703703,0.2919254658385093
0.8703703703703703,0.2919254658385093
0.8703703703703703,0.2919254658385093
0.8703703703703703,0.2919254658385093
0.8703703703703703,0.2919254658385093
0.8703703703703703,0.2919254658385093
0.8703703703703703,0.2919254658385093
0.8703703703703703,0.2919254658385093
0.8703703703703703,0.2919254658385093
0.8703703703703703,0.2919254658385093
0.8703703703703703,0.29012345679012347
0.8703703703703703,0.29012345679012347
0.8703703703703703,0.29012345679012347
0.8703703703703703,0.29012345679012347
0.8703703703703703,0.29012345679012347
0.8703703703703703,0.29012345679012347
0.8703703703703703,0.2883435582822086
0.8703703703703703,0.2883435582822086
0.8703703703703703,0.2883435582822086
0.8703703703703703,0.2883435582822086
0.8703703703703703,0.2865853658536585
0.8703703703703703,0.2865853658536585
0.8703703703703703,0.2865853658536585
0.8703703703703703,0.2865853658536585
0.8703703703703703,0.2865853658536585
0.8703703703703703,0.2865853658536585
0.8703703703703703,0.2865853658536585
0.8703703703703703,0.2865853658536585
0.8703703703703703,0.2865853658536585
0.8703703703703703,0.2865853658536585
0.8703703703703703,0.2865853658536585
0.8703703703703703,0.2865853658536585
0.8888888888888888,0.2909090909090909
0.8888888888888888,0.2909090909090909
0.8888888888888888,0.2909090909090909
0.8888888888888888,0.2909090909090909
0.8888888888888888,0.2891566265060241
0.8888888888888888,0.2891566265060241
0.8888888888888888,0.2891566265060241
0.8888888888888888,0.2891566265060241
0.8888888888888888,0.2891566265060241
0.8888888888888888,0.2891566265060241
0.8888888888888888,0.2891566265060241
0.8888888888888888,0.2891566265060241
0.8888888888888888,0.2891566265060241
0.8888888888888888,0.2891566265060241
0.8888888888888888,0.2891566265060241
0.8888888888888888,0.2891566265060241
0.8888888888888888,0.2891566265060241
0.8888888888888888,0.2891566265060241
0.8888888888888888,0.2874251497005988
0.8888888888888888,0.2874251497005988
0.8888888888888888,0.2874251497005988
0.8888888888888888,0.2874251497005988
0.8888888888888888,0.2874251497005988
0.8888888888888888,0.2857142857142857
0.8888888888888888,0.28402366863905326
0.8888888888888888,0.28402366863905326
0.8888888888888888,0.28402366863905326
0.8888888888888888,0.28402366863905326
0.8888888888888888,0.2823529411764706
0.8888888888888888,0.2823529411764706
0.8888888888888888,0.2823529411764706
0.8888888888888888,0.2807017543859649
0.8888888888888888,0.27906976744186046
0.8888888888888888,0.27906976744186046
0.8888888888888888,0.27906976744186046
0.8888888888888888,0.27906976744186046
0.8888888888888888,0.27906976744186046
0.8888888888888888,0.27906976744186046
0.8888888888888888,0.27906976744186046
0.8888888888888888,0.27906976744186046
0.8888888888888888,0.27906976744186046
0.8888888888888888,0.27906976744186046
0.8888888888888888,0.2774566473988439
0.8888888888888888,0.2774566473988439
0.8888888888888888,0.27586206896551724
0.8888888888888888,0.2742857142857143
0.8888888888888888,0.2742857142857143
0.8888888888888888,0.2742857142857143
0.8888888888888888,0.2742857142857143
0.8888888888888888,0.2742857142857143
0.8888888888888888,0.2727272727272727
0.8888888888888888,0.2727272727272727
0.8888888888888888,0.2727272727272727
0.8888888888888888,0.2727272727272727
0.8888888888888888,0.2711864406779661
0.8888888888888888,0.2711864406779661
0.8888888888888888,0.2711864406779661
0.8888888888888888,0.2711864406779661
0.8888888888888888,0.2711864406779661
0.8888888888888888,0.2711864406779661
0.8888888888888888,0.2711864406779661
0.8888888888888888,0.2711864406779661
0.8888888888888888,0.2711864406779661
0.8888888888888888,0.2711864406779661
0.8888888888888888,0.2711864406779661
0.8888888888888888,0.2711864406779661
0.8888888888888888,0.2696629213483146
0.8888888888888888,0.2696629213483146
0.8888888888888888,0.2696629213483146
0.8888888888888888,0.2696629213483146
0.8888888888888888,0.2696629213483146
0.8888888888888888,0.2696629213483146
0.8888888888888888,0.2681564245810056
0.8888888888888888,0.2681564245810056
0.8888888888888888,0.26666666666666666
0.8888888888888888,0.26666666666666666
0.8888888888888888,0.26519337016574585
0.8888888888888888,0.26519337016574585
0.8888888888888888,0.26519337016574585
0.8888888888888888,0.26519337016574585
0.8888888888888888,0.26519337016574585
0.8888888888888888,0.26519337016574585
0.8888888888888888,0.26373626373626374
0.8888888888888888,0.26229508196721313
0.8888888888888888,0.2608695652173913
0.8888888888888888,0.2608695652173913
0.8888888888888888,0.2608695652173913
0.8888888888888888,0.2608695652173913
0.8888888888888888,0.2608695652173913
0.8888888888888888,0.2608695652173913
0.8888888888888888,0.2608695652173913
0.8888888888888888,0.2608695652173913
0.8888888888888888,0.2608695652173913
0.8888888888888888,0.2608695652173913
0.8888888888888888,0.2608695652173913
0.8888888888888888,0.2608695652173913
0.8888888888888888,0.2608695652173913
0.8888888888888888,0.2608695652173913
0.8888888888888888,0.2594594594594595
0.8888888888888888,0.2594594594594595
0.8888888888888888,0.2594594594594595
0.8888888888888888,0.2594594594594595
0.8888888888888888,0.25806451612903225
0.8888888888888888,0.25806451612903225
0.8888888888888888,0.25806451612903225
0.8888888888888888,0.25806451612903225
0.8888888888888888,0.25806451612903225
0.8888888888888888,0.25806451612903225
0.8888888888888888,0.25806451612903225
0.8888888888888888,0.25668449197860965
0.8888888888888888,0.2553191489361702
0.8888888888888888,0.25396825396825395
0.8888888888888888,0.25396825396825395
0.8888888888888888,0.25396825396825395
0.8888888888888888,0.25396825396825395
0.8888888888888888,0.25396825396825395
0.8888888888888888,0.25396825396825395
0.8888888888888888,0.25396825396825395
0.8888888888888888,0.25396825396825395
0.8888888888888888,0.25396825396825395
0.8888888888888888,0.25263157894736843
0.8888888888888888,0.2513089005235602
0.8888888888888888,0.2513089005235602
0.8888888888888888,0.25
0.8888888888888888,0.25
0.8888888888888888,0.25
0.8888888888888888,0.24870466321243523
0.8888888888888888,0.24742268041237114
0.8888888888888888,0.24615384615384617
0.8888888888888888,0.24615384615384617
0.8888888888888888,0.24615384615384617
0.8888888888888888,0.24615384615384617
0.8888888888888888,0.24615384615384617
0.8888888888888888,0.24615384615384617
0.8888888888888888,0.24615384615384617
0.8888888888888888,0.24489795918367346
0.8888888888888888,0.24489795918367346
0.8888888888888888,0.24489795918367346
0.8888888888888888,0.24489795918367346
0.8888888888888888,0.24489795918367346
0.8888888888888888,0.24489795918367346
0.8888888888888888,0.2436548223350254
0.8888888888888888,0.2436548223350254
0.8888888888888888,0.2436548223350254
0.8888888888888888,0.24242424242424243
0.8888888888888888,0.24242424242424243
0.8888888888888888,0.24120603015075376
0.8888888888888888,0.24
0.8888888888888888,0.24
0.8888888888888888,0.24
0.8888888888888888,0.24
0.8888888888888888,0.24
0.8888888888888888,0.24
0.8888888888888888,0.24
0.8888888888888888,0.24
0.8888888888888888,0.24
0.8888888888888888,0.24
0.8888888888888888,0.24
0.8888888888888888,0.24
0.8888888888888888,0.23880597014925373
0.8888888888888888,0.23880597014925373
0.8888888888888888,0.23880597014925373
0.8888888888888888,0.2376237623762376
0.8888888888888888,0.23645320197044334
0.8888888888888888,0.23645320197044334
0.8888888888888888,0.23529411764705882
0.8888888888888888,0.23414634146341465
0.8888888888888888,0.23414634146341465
0.8888888888888888,0.23414634146341465
0.8888888888888888,0.23300970873786409
0.8888888888888888,0.23300970873786409
0.8888888888888888,0.23300970873786409
0.8888888888888888,0.23300970873786409
0.8888888888888888,0.23300970873786409
0.8888888888888888,0.23300970873786409
0.8888888888888888,0.23300970873786409
0.8888888888888888,0.23300970873786409
0.8888888888888888,0.23300970873786409
0.8888888888888888,0.23300970873786409
0.8888888888888888,0.23300970873786409
0.8888888888888888,0.23300970873786409
0.8888888888888888,0.23300970873786409
0.8888888888888888,0.2318840579710145
0.8888888888888888,0.2318840579710145
0.8888888888888888,0.23076923076923078
0.8888888888888888,0.23076923076923078
0.8888888888888888,0.23076923076923078
0.8888888888888888,0.22966507177033493
0.8888888888888888,0.22966507177033493
0.8888888888888888,0.22966507177033493
0.8888888888888888,0.22966507177033493
0.8888888888888888,0.22966507177033493
0.8888888888888888,0.22857142857142856
0.8888888888888888,0.22857142857142856
0.8888888888888888,0.22857142857142856
0.8888888888888888,0.22857142857142856
0.8888888888888888,0.22857142857142856
0.8888888888888888,0.22857142857142856
0.8888888888888888,0.22748815165876776
0.8888888888888888,0.22748815165876776
0.8888888888888888,0.22748815165876776
0.8888888888888888,0.22641509433962265
0.8888888888888888,0.22535211267605634
0.8888888888888888,0.22535211267605634
0.8888888888888888,0.22429906542056074
0.8888888888888888,0.22429906542056074
0.8888888888888888,0.22325581395348837
0.8888888888888888,0.22325581395348837
0.8888888888888888,0.2222222222222222
0.8888888888888888,0.22119815668202766
0.8888888888888888,0.22119815668202766
0.8888888888888888,0.22119815668202766
0.8888888888888888,0.22018348623853212
0.8888888888888888,0.22018348623853212
0.8888888888888888,0.2191780821917808
0.8888888888888888,0.2191780821917808
0.8888888888888888,0.2191780821917808
0.8888888888888888,0.2191780821917808
0.8888888888888888,0.2191780821917808
0.8888888888888888,0.21818181818181817
0.8888888888888888,0.21818181818181817
0.8888888888888888,0.21818181818181817
0.8888888888888888,0.21818181818181817
0.8888888888888888,0.21818181818181817
0.8888888888888888,0.21818181818181817
0.8888888888888888,0.21818181818181817
0.8888888888888888,0.21818181818181817
0.8888888888888888,0.21818181818181817
0.8888888888888888,0.21818181818181817
0.8888888888888888,0.21818181818181817
0.8888888888888888,0.21818181818181817
0.8888888888888888,0.21818181818181817
0.8888888888888888,0.21818181818181817
0.8888888888888888,0.21818181818181817
0.8888888888888888,0.21818181818181817
0.8888888888888888,0.2171945701357466
0.8888888888888888,0.21621621621621623
0.8888888888888888,0.21621621621621623
0.8888888888888888,0.21621621621621623
0.8888888888888888,0.21621621621621623
0.8888888888888888,0.21621621621621623
0.8888888888888888,0.21621621621621623
0.8888888888888888,0.21621621621621623
0.8888888888888888,0.21621621621621623
0.8888888888888888,0.21621621621621623
0.8888888888888888,0.21524663677130046
0.8888888888888888,0.21524663677130046
0.8888888888888888,0.21428571428571427
0.8888888888888888,0.21428571428571427
0.8888888888888888,0.21333333333333335
0.8888888888888888,0.21333333333333335
0.8888888888888888,0.21333333333333335
0.8888888888888888,0.21238938053097345
0.8888888888888888,0.21238938053097345
0.8888888888888888,0.21238938053097345
0.8888888888888888,0.21145374449339208
0.8888888888888888,0.21052631578947367
0.8888888888888888,0.21052631578947367
0.8888888888888888,0.21052631578947367
0.9074074074074074,0.21397379912663755
0.9074074074074074,0.21304347826086956
0.9074074074074074,0.21304347826086956
0.9074074074074074,0.21304347826086956
0.9074074074074074,0.21212121212121213
0.9074074074074074,0.21120689655172414
0.9074074074074074,0.21120689655172414
0.9074074074074074,0.21120689655172414
0.9074074074074074,0.21120689655172414
0.9074074074074074,0.21120689655172414
0.9074074074074074,0.21120689655172414
0.9074074074074074,0.21120689655172414
0.9074074074074074,0.21120689655172414
0.9074074074074074,0.21120689655172414
0.9074074074074074,0.21120689655172414
0.9074074074074074,0.21120689655172414
0.9074074074074074,0.21120689655172414
0.9074074074074074,0.21030042918454936
0.9074074074074074,0.21030042918454936
0.9074074074074074,0.21030042918454936
0.9074074074074074,0.21030042918454936
0.9074074074074074,0.21030042918454936
0.9074074074074074,0.21030042918454936
0.9074074074074074,0.2094017094017094
0.9074074074074074,0.2094017094017094
0.9074074074074074,0.20851063829787234
0.9074074074074074,0.20851063829787234
0.9074074074074074,0.2076271186440678
0.9074074074074074,0.2076271186440678
0.9074074074074074,0.2076271186440678
0.9074074074074074,0.2076271186440678
0.9074074074074074,0.20675105485232068
0.9074074074074074,0.20588235294117646
0.9074074074074074,0.20588235294117646
0.9074074074074074,0.20588235294117646
0.9074074074074074,0.20588235294117646
0.9074074074074074,0.20588235294117646
0.9074074074074074,0.20588235294117646
0.9074074074074074,0.20588235294117646
0.9074074074074074,0.20588235294117646
0.9074074074074074,0.20502092050209206
0.9074074074074074,0.20502092050209206
0.9074074074074074,0.20502092050209206
0.9074074074074074,0.20502092050209206
0.9074074074074074,0.20416666666666666
0.9074074074074074,0.20416666666666666
0.9074074074074074,0.20416666666666666
0.9074074074074074,0.20416666666666666
0.9074074074074074,0.2033195020746888
0.9074074074074074,0.2033195020746888
0.9074074074074074,0.2033195020746888
0.9074074074074074,0.2033195020746888
0.9074074074074074,0.2033195020746888
0.9074074074074074,0.2033195020746888
0.9074074074074074,0.2033195020746888
0.9074074074074074,0.2033195020746888
0.9074074074074074,0.2033195020746888
0.9074074074074074,0.2033195020746888
0.9074074074074074,0.2024793388429752
0.9074074074074074,0.2024793388429752
0.9074074074074074,0.2024793388429752
0.9074074074074074,0.2024793388429752
0.9074074074074074,0.2024793388429752
0.9074074074074074,0.2024793388429752
0.9074074074074074,0.20164609053497942
0.9074074074074074,0.20081967213114754
0.9074074074074074,0.20081967213114754
0.9074074074074074,0.20081967213114754
0.9074074074074074,0.20081967213114754
0.9074074074074074,0.2
0.9074074074074074,0.2
0.9074074074074074,0.1991869918699187
0.9074074074074074,0.1991869918699187
0.9074074074074074,0.1991869918699187
0.9074074074074074,0.1991869918699187
0.9074074074074074,0.1991869918699187
0.9074074074074074,0.1991869918699187
0.9074074074074074,0.1991869918699187
0.9074074074074074,0.1991869918699187
0.9074074074074074,0.1991869918699187
0.9074074074074074,0.19838056680161945
0.9074074074074074,0.19838056680161945
0.9074074074074074,0.1975806451612903
0.9074074074074074,0.1975806451612903
0.9074074074074074,0.1975806451612903
0.9074074074074074,0.1975806451612903
0.9074074074074074,0.1975806451612903
0.9074074074074074,0.19678714859437751
0.9074074074074074,0.196
0.9074074074074074,0.196
0.9074074074074074,0.196
0.9074074074074074,0.196
0.9074074074074074,0.196
0.9074074074074074,0.1952191235059761
0.9074074074074074,0.19444444444444445
0.9074074074074074,0.19444444444444445
0.9074074074074074,0.19444444444444445
0.9074074074074074,0.19444444444444445
0.9074074074074074,0.19444444444444445
0.9074074074074074,0.19444444444444445
0.9074074074074074,0.19444444444444445
0.9074074074074074,0.19444444444444445
0.9259259259259259,0.1976284584980237
0.9259259259259259,0.1976284584980237
0.9259259259259259,0.1976284584980237
0.9259259259259259,0.1976284584980237
0.9259259259259259,0.1976284584980237
0.9259259259259259,0.1976284584980237
0.9259259259259259,0.1976284584980237
0.9259259259259259,0.1976284584980237
0.9259259259259259,0.1968503937007874
0.9259259259259259,0.1968503937007874
0.9259259259259259,0.1968503937007874
0.9259259259259259,0.1968503937007874
0.9259259259259259,0.19607843137254902
0.9259259259259259,0.19607843137254902
0.9259259259259259,0.1953125
0.9259259259259259,0.1953125
0.9259259259259259,0.1953125
0.9259259259259259,0.19455252918287938
0.9259259259259259,0.1937984496124031
0.9259259259259259,0.19305019305019305
0.9259259259259259,0.19305019305019305
0.9259259259259259,0.19305019305019305
0.9259259259259259,0.19305019305019305
0.9259259259259259,0.19305019305019305
0.9259259259259259,0.19305019305019305
0.9259259259259259,0.19230769230769232
0.9259259259259259,0.19157088122605365
0.9259259259259259,0.19083969465648856
0.9259259259259259,0.19083969465648856
0.9259259259259259,0.19083969465648856
0.9259259259259259,0.19083969465648856
0.9259259259259259,0.19083969465648856
0.9259259259259259,0.19011406844106463
0.9259259259259259,0.1893939393939394
0.9259259259259259,0.1893939393939394
0.9259259259259259,0.1893939393939394
0.9259259259259259,0.1893939393939394
0.9259259259259259,0.18867924528301888
0.9259259259259259,0.18796992481203006
0.9259259259259259,0.18726591760299627
0.9259259259259259,0.18726591760299627
0.9259259259259259,0.1865671641791045
0.9259259259259259,0.1865671641791045
0.9259259259259259,0.18587360594795538
0.9259259259259259,0.18587360594795538
0.9259259259259259,0.18587360594795538
0.9259259259259259,0.18518518518518517
0.9259259259259259,0.18518518518518517
0.9259259259259259,0.18518518518518517
0.9259259259259259,0.18450184501845018
0.9259259259259259,0.18450184501845018
0.9259259259259259,0.18450184501845018
0.9259259259259259,0.18450184501845018
0.9259259259259259,0.18450184501845018
0.9259259259259259,0.18450184501845018
0.9259259259259259,0.18450184501845018
0.9259259259259259,0.18450184501845018
0.9259259259259259,0.18450184501845018
0.9259259259259259,0.18450184501845018
0.9259259259259259,0.18382352941176472
0.9259259259259259,0.18382352941176472
0.9259259259259259,0.18382352941176472
0.9259259259259259,0.18382352941176472
0.9259259259259259,0.18382352941176472
0.9259259259259259,0.18382352941176472
0.9259259259259259,0.18382352941176472
0.9259259259259259,0.18382352941176472
0.9259259259259259,0.18382352941176472
0.9259259259259259,0.18382352941176472
0.9259259259259259,0.18315018315018314
0.9259259259259259,0.18315018315018314
0.9259259259259259,0.18315018315018314
0.9259259259259259,0.18315018315018314
0.9259259259259259,0.18315018315018314
0.9259259259259259,0.18248175182481752
0.9259259259259259,0.18248175182481752
0.9259259259259259,0.18248175182481752
0.9259259259259259,0.18248175182481752
0.9259259259259259,0.18248175182481752
0.9259259259259259,0.18248175182481752
0.9259259259259259,0.18248175182481752
0.9259259259259259,0.18248175182481752
0.9259259259259259,0.18248175182481752
0.9259259259259259,0.18248175182481752
0.9259259259259259,0.18181818181818182
0.9259259259259259,0.18181818181818182
0.9259259259259259,0.18181818181818182
0.9259259259259259,0.18115942028985507
0.9259259259259259,0.18050541516245489
0.9259259259259259,0.18050541516245489
0.9259259259259259,0.18050541516245489
0.9259259259259259,0.17985611510791366
0.9259259259259259,0.17985611510791366
0.9259259259259259,0.17985611510791366
0.9259259259259259,0.17985611510791366
0.9259259259259259,0.17985611510791366
0.9259259259259259,0.17921146953405018
0.9259259259259259,0.17921146953405018
0.9259259259259259,0.17921146953405018
0.9259259259259259,0.17921146953405018
0.9259259259259259,0.17921146953405018
0.9259259259259259,0.17921146953405018
0.9259259259259259,0.17921146953405018
0.9259259259259259,0.17857142857142858
0.9259259259259259,0.17857142857142858
0.9259259259259259,0.17857142857142858
0.9259259259259259,0.17793594306049823
0.9259259259259259,0.17793594306049823
0.9259259259259259,0.17793594306049823
0.9259259259259259,0.17793594306049823
0.9259259259259259,0.17793594306049823
0.9259259259259259,0.17793594306049823
0.9259259259259259,0.17793594306049823
0.9259259259259259,0.17793594306049823
0.9259259259259259,0.1773049645390071
0.9259259259259259,0.1773049645390071
0.9259259259259259,0.1773049645390071
0.9259259259259259,0.1773049645390071
0.9259259259259259,0.1773049645390071
0.9259259259259259,0.17667844522968199
0.9259259259259259,0.17667844522968199
0.9259259259259259,0.17667844522968199
0.9259259259259259,0.17667844522968199
0.9259259259259259,0.176056338028169
0.9259259259259259,0.176056338028169
0.9259259259259259,0.176056338028169
0.9259259259259259,0.176056338028169
0.9259259259259259,0.176056338028169
0.9259259259259259,0.176056338028169
0.9259259259259259,0.176056338028169
0.9259259259259259,0.17543859649122806
0.9259259259259259,0.17543859649122806
0.9259259259259259,0.17543859649122806
0.9259259259259259,0.17543859649122806
0.9259259259259259,0.17482517482517482
0.9259259259259259,0.17482517482517482
0.9259259259259259,0.17482517482517482
0.9259259259259259,0.17482517482517482
0.9259259259259259,0.17421602787456447
0.9259259259259259,0.17421602787456447
0.9259259259259259,0.17421602787456447
0.9259259259259259,0.17421602787456447
0.9259259259259259,0.17421602787456447
0.9259259259259259,0.17421602787456447
0.9259259259259259,0.17421602787456447
0.9259259259259259,0.17421602787456447
0.9259259259259259,0.1736111111111111
0.9259259259259259,0.1736111111111111
0.9444444444444444,0.17647058823529413
0.9444444444444444,0.17647058823529413
0.9444444444444444,0.17586206896551723
0.9444444444444444,0.17586206896551723
0.9444444444444444,0.17525773195876287
0.9444444444444444,0.17465753424657535
0.9444444444444444,0.17465753424657535
0.9444444444444444,0.17465753424657535
0.9444444444444444,0.17465753424657535
0.9444444444444444,0.17465753424657535
0.9444444444444444,0.17406143344709898
0.9444444444444444,0.17406143344709898
0.9444444444444444,0.17406143344709898
0.9444444444444444,0.17406143344709898
0.9444444444444444,0.17406143344709898
0.9444444444444444,0.17406143344709898
0.9444444444444444,0.17406143344709898
0.9444444444444444,0.17346938775510204
0.9444444444444444,0.17346938775510204
0.9444444444444444,0.17288135593220338
0.9444444444444444,0.17229729729729729
0.9444444444444444,0.1717171717171717
0.9444444444444444,0.17114093959731544
0.9444444444444444,0.1705685618729097
0.9444444444444444,0.1705685618729097
0.9444444444444444,0.1705685618729097
0.9444444444444444,0.1705685618729097
0.9444444444444444,0.1705685618729097
0.9444444444444444,0.1705685618729097
0.9444444444444444,0.1705685618729097
0.9444444444444444,0.1705685618729097
0.9444444444444444,0.1705685618729097
0.9444444444444444,0.17
0.9444444444444444,0.17
0.9444444444444444,0.17
0.9444444444444444,0.17
0.9444444444444444,0.17
0.9444444444444444,0.17
0.9444444444444444,0.17
0.9444444444444444,0.16943521594684385
0.9444444444444444,0.16943521594684385
0.9444444444444444,0.16887417218543047
0.9444444444444444,0.16887417218543047
0.9444444444444444,0.16831683168316833
0.9444444444444444,0.16831683168316833
0.9444444444444444,0.16776315789473684
0.9444444444444444,0.16776315789473684
0.9444444444444444,0.16776315789473684
0.9444444444444444,0.16776315789473684
0.9444444444444444,0.16776315789473684
0.9444444444444444,0.16776315789473684
0.9444444444444444,0.16776315789473684
0.9444444444444444,0.16721311475409836
0.9444444444444444,0.16721311475409836
0.9444444444444444,0.16721311475409836
0.9444444444444444,0.16721311475409836
0.9444444444444444,0.16721311475409836
0.9444444444444444,0.16666666666666666
0.9444444444444444,0.16666666666666666
0.9444444444444444,0.16666666666666666
0.9444444444444444,0.16666666666666666
0.9444444444444444,0.16666666666666666
0.9444444444444444,0.16666666666666666
0.9444444444444444,0.16666666666666666
0.9444444444444444,0.16612377850162866
0.9444444444444444,0.16612377850162866
0.9444444444444444,0.16612377850162866
0.9444444444444444,0.16558441558441558
0.9444444444444444,0.16558441558441558
0.9444444444444444,0.16558441558441558
0.9444444444444444,0.1650485436893204
0.9444444444444444,0.16451612903225807
0.9444444444444444,0.16451612903225807
0.9444444444444444,0.16451612903225807
0.9444444444444444,0.16451612903225807
0.9444444444444444,0.16451612903225807
0.9444444444444444,0.16451612903225807
0.9444444444444444,0.16451612903225807
0.9444444444444444,0.1639871382636656
0.9444444444444444,0.1639871382636656
0.9444444444444444,0.1639871382636656
0.9444444444444444,0.1639871382636656
0.9444444444444444,0.16346153846153846
0.9444444444444444,0.16346153846153846
0.9444444444444444,0.16293929712460065
0.9444444444444444,0.16293929712460065
0.9444444444444444,0.16293929712460065
0.9444444444444444,0.16293929712460065
0.9444444444444444,0.16293929712460065
0.9444444444444444,0.16293929712460065
0.9444444444444444,0.16293929712460065
0.9444444444444444,0.16293929712460065
0.9444444444444444,0.1624203821656051
0.9444444444444444,0.1624203821656051
0.9444444444444444,0.1624203821656051
0.9629629629629629,0.16507936507936508
0.9629629629629629,0.16507936507936508
0.9629629629629629,0.16455696202531644
0.9629629629629629,0.16455696202531644
0.9629629629629629,0.16455696202531644
0.9629629629629629,0.16455696202531644
0.9629629629629629,0.1640378548895899
0.9629629629629629,0.16352201257861634
0.9629629629629629,0.16352201257861634
0.9629629629629629,0.16352201257861634
0.9629629629629629,0.16300940438871472
0.9629629629629629,0.16300940438871472
0.9629629629629629,0.1625
0.9629629629629629,0.1625
0.9629629629629629,0.16199376947040497
0.9629629629629629,0.16149068322981366
0.9629629629629629,0.16149068322981366
0.9629629629629629,0.1609907120743034
0.9629629629629629,0.16049382716049382
0.9629629629629629,0.16049382716049382
0.9629629629629629,0.16049382716049382
0.9629629629629629,0.16049382716049382
0.9629629629629629,0.16
0.9629629629629629,0.16
0.9629629629629629,0.16
0.9629629629629629,0.15950920245398773
0.9629629629629629,0.15902140672782875
0.9629629629629629,0.15902140672782875
0.9629629629629629,0.15853658536585366
0.9629629629629629,0.15853658536585366
0.9629629629629629,0.1580547112462006
0.9629629629629629,0.1580547112462006
0.9629629629629629,0.1580547112462006
0.9629629629629629,0.1580547112462006
0.9629629629629629,0.15757575757575756
0.9629629629629629,0.15757575757575756
0.9629629629629629,0.15757575757575756
0.9629629629629629,0.15757575757575756
0.9629629629629629,0.15757575757575756
0.9629629629629629,0.15757575757575756
0.9629629629629629,0.15757575757575756
0.9629629629629629,0.15709969788519637
0.9629629629629629,0.15709969788519637
0.9629629629629629,0.15709969788519637
0.9629629629629629,0.15709969788519637
0.9629629629629629,0.15709969788519637
0.9629629629629629,0.15709969788519637
0.9629629629629629,0.15709969788519637
0.9629629629629629,0.1566265060240964
0.9629629629629629,0.1566265060240964
0.9629629629629629,0.15615615615615616
0.9629629629629629,0.15615615615615616
0.9629629629629629,0.15615615615615616
0.9629629629629629,0.15615615615615616
0.9629629629629629,0.15615615615615616
0.9629629629629629,0.15615615615615616
0.9629629629629629,0.15568862275449102
0.9629629629629629,0.15568862275449102
0.9629629629629629,0.15568862275449102
0.9629629629629629,0.15568862275449102
0.9629629629629629,0.15522388059701492
0.9629629629629629,0.15522388059701492
0.9629629629629629,0.15522388059701492
0.9629629629629629,0.15476190476190477
0.9629629629629629,0.15476190476190477
0.9629629629629629,0.15476190476190477
0.9629629629629629,0.15476190476190477
0.9629629629629629,0.15476190476190477
0.9629629629629629,0.15476190476190477
0.9629629629629629,0.15476190476190477
0.9629629629629629,0.15476190476190477
0.9629629629629629,0.15476190476190477
0.9629629629629629,0.15476190476190477
0.9629629629629629,0.15476190476190477
0.9629629629629629,0.15476190476190477
0.9629629629629629,0.15476190476190477
0.9629629629629629,0.15476190476190477
0.9629629629629629,0.15476190476190477
0.9629629629629629,0.1543026706231454
0.9629629629629629,0.1543026706231454
0.9629629629629629,0.1543026706231454
0.9629629629629629,0.1543026706231454
0.9629629629629629,0.15384615384615385
0.9629629629629629,0.15384615384615385
0.9629629629629629,0.15339233038348082
0.9629629629629629,0.15339233038348082
0.9629629629629629,0.15339233038348082
0.9629629629629629,0.15294117647058825
0.9629629629629629,0.15294117647058825
0.9629629629629629,0.15294117647058825
0.9629629629629629,0.15294117647058825
0.9629629629629629,0.15294117647058825
0.9629629629629629,0.15294117647058825
0.9629629629629629,0.15294117647058825
0.9629629629629629,0.15294117647058825
0.9629629629629629,0.15294117647058825
0.9629629629629629,0.15249266862170088
0.9629629629629629,0.15249266862170088
0.9629629629629629,0.15249266862170088
0.9629629629629629,0.15204678362573099
0.9629629629629629,0.15204678362573099
0.9629629629629629,0.15204678362573099
0.9629629629629629,0.15204678362573099
0.9629629629629629,0.15204678362573099
0.9629629629629629,0.15204678362573099
0.9629629629629629,0.15204678362573099
0.9629629629629629,0.15204678362573099
0.9629629629629629,0.15160349854227406
0.9629629629629629,0.15160349854227406
0.9629629629629629,0.1511627906976744
0.9629629629629629,0.1511627906976744
0.9629629629629629,0.1511627906976744
0.9629629629629629,0.15072463768115943
0.9629629629629629,0.15072463768115943
0.9629629629629629,0.15072463768115943
0.9629629629629629,0.15072463768115943
0.9629629629629629,0.15028901734104047
0.9629629629629629,0.15028901734104047
0.9629629629629629,0.15028901734104047
0.9629629629629629,0.15028901734104047
0.9629629629629629,0.15028901734104047
0.9629629629629629,0.14985590778097982
0.9629629629629629,0.14985590778097982
0.9629629629629629,0.14985590778097982
0.9629629629629629,0.14985590778097982
0.9629629629629629,0.14985590778097982
0.9629629629629629,0.14985590778097982
0.9629629629629629,0.14985590778097982
0.9629629629629629,0.14985590778097982
0.9629629629629629,0.14985590778097982
0.9629629629629629,0.14985590778097982
0.9629629629629629,0.14985590778097982
0.9629629629629629,0.14985590778097982
0.9629629629629629,0.14985590778097982
0.9629629629629629,0.14985590778097982
0.9629629629629629,0.14942528735632185
0.9629629629629629,0.14942528735632185
0.9629629629629629,0.1489971346704871
0.9629629629629629,0.14857142857142858
0.9629629629629629,0.14857142857142858
0.9629629629629629,0.14857142857142858
0.9629629629629629,0.14857142857142858
0.9629629629629629,0.14814814814814814
0.9629629629629629,0.14814814814814814
0.9629629629629629,0.14814814814814814
0.9629629629629629,0.14814814814814814
0.9629629629629629,0.14814814814814814
0.9629629629629629,0.14814814814814814
0.9629629629629629,0.14814814814814814
0.9629629629629629,0.14772727272727273
0.9629629629629629,0.14772727272727273
0.9629629629629629,0.14772727272727273
0.9629629629629629,0.14772727272727273
0.9629629629629629,0.14772727272727273
0.9629629629629629,0.14772727272727273
0.9629629629629629,0.14772727272727273
0.9629629629629629,0.14772727272727273
0.9629629629629629,0.14730878186968838
0.9629629629629629,0.14730878186968838
0.9629629629629629,0.14689265536723164
0.9629629629629629,0.14647887323943662
0.9629629629629629,0.14647887323943662
0.9629629629629629,0.14647887323943662
0.9629629629629629,0.14647887323943662
0.9629629629629629,0.14606741573033707
0.9629629629629629,0.14565826330532214
0.9629629629629629,0.14565826330532214
0.9629629629629629,0.14565826330532214
0.9629629629629629,0.1452513966480447
0.9629629629629629,0.1452513966480447
0.9629629629629629,0.1452513966480447
0.9629629629629629,0.1452513966480447
0.9629629629629629,0.1452513966480447
0.9629629629629629,0.14484679665738162
0.9629629629629629,0.14484679665738162
0.9629629629629629,0.14484679665738162
0.9629629629629629,0.14444444444444443
0.9629629629629629,0.14444444444444443
0.9629629629629629,0.1440443213296399
0.9629629629629629,0.143646408839779
0.9629629629629629,0.143646408839779
0.9629629629629629,0.14325068870523416
0.9629629629629629,0.14285714285714285
0.9629629629629629,0.14246575342465753
0.9629629629629629,0.14246575342465753
0.9629629629629629,0.14246575342465753
0.9629629629629629,0.14246575342465753
0.9629629629629629,0.14246575342465753
0.9629629629629629,0.14246575342465753
0.9629629629629629,0.14207650273224043
0.9629629629629629,0.14207650273224043
0.9629629629629629,0.14168937329700274
0.9629629629629629,0.14130434782608695
0.9629629629629629,0.14130434782608695
0.9629629629629629,0.14092140921409213
0.9629629629629629,0.14092140921409213
0.9629629629629629,0.14054054054054055
0.9629629629629629,0.14054054054054055
0.9629629629629629,0.14054054054054055
0.9629629629629629,0.14054054054054055
0.9629629629629629,0.14054054054054055
0.9629629629629629,0.14054054054054055
0.9629629629629629,0.14054054054054055
0.9629629629629629,0.14054054054054055
0.9629629629629629,0.14054054054054055
0.9629629629629629,0.14054054054054055
0.9629629629629629,0.14016172506738545
