0.0,1.0
0.0,1.0
0.021739130434782608,1.0
0.021739130434782608,1.0
0.043478260869565216,1.0
0.043478260869565216,0.6666666666666666
0.043478260869565216,0.6666666666666666
0.043478260869565216,0.6666666666666666
0.043478260869565216,0.6666666666666666
0.043478260869565216,0.6666666666666666
0.043478260869565216,0.6666666666666666
0.043478260869565216,0.5
0.043478260869565216,0.5
0.043478260869565216,0.5
0.043478260869565216,0.4
0.043478260869565216,0.4
0.043478260869565216,0.4
0.06521739130434782,0.5
0.06521739130434782,0.5
0.06521739130434782,0.42857142857142855
0.06521739130434782,0.42857142857142855
0.06521739130434782,0.42857142857142855
0.06521739130434782,0.42857142857142855
0.08695652173913043,0.5
0.08695652173913043,0.5
0.10869565217391304,0.5555555555555556
0.13043478260869565,0.6
0.13043478260869565,0.6
0.13043478260869565,0.6
0.13043478260869565,0.6
0.13043478260869565,0.6
0.13043478260869565,0.6
0.15217391304347827,0.6363636363636364
0.15217391304347827,0.6363636363636364
0.15217391304347827,0.6363636363636364
0.17391304347826086,0.6666666666666666
0.17391304347826086,0.6666666666666666
0.1956521739130435,0.6923076923076923
0.1956521739130435,0.6923076923076923
0.21739130434782608,0.7142857142857143
0.21739130434782608,0.7142857142857143
0.21739130434782608,0.7142857142857143
0.21739130434782608,0.7142857142857143
0.21739130434782608,0.7142857142857143
0.21739130434782608,0.7142857142857143
0.21739130434782608,0.7142857142857143
0.2391304347826087,0.7333333333333333
0.2391304347826087,0.7333333333333333
0.2391304347826087,0.7333333333333333
0.2391304347826087,0.7333333333333333
0.2391304347826087,0.7333333333333333
0.2391304347826087,0.7333333333333333
0.2391304347826087,0.7333333333333333
0.2391304347826087,0.7333333333333333
0.2391304347826087,0.7333333333333333
0.2391304347826087,0.7333333333333333
0.2391304347826087,0.7333333333333333
0.2608695652173913,0.75
0.2608695652173913,0.75
0.2608695652173913,0.75
0.2608695652173913,0.75
0.2608695652173913,0.75
0.2608695652173913,0.75
0.2608695652173913,0.75
0.2608695652173913,0.75
0.2608695652173913,0.75
0.2826086956521739,0.7647058823529411
0.2826086956521739,0.7647058823529411
0.2826086956521739,0.7222222222222222
0.2826086956521739,0.6842105263157895
0.2826086956521739,0.6842105263157895
0.2826086956521739,0.6842105263157895
0.2826086956521739,0.6842105263157895
0.2826086956521739,0.65
0.2826086956521739,0.65
0.2826086956521739,0.65
0.2826086956521739,0.65
0.2826086956521739,0.65
0.2826086956521739,0.65
0.2826086956521739,0.65
0.2826086956521739,0.65
0.2826086956521739,0.65
0.2826086956521739,0.65
0.2826086956521739,0.65
0.2826086956521739,0.65
0.30434782608695654,0.6666666666666666
0.30434782608695654,0.6666666666666666
0.30434782608695654,0.6666666666666666
0.30434782608695654,0.6666666666666666
0.30434782608695654,0.6666666666666666
0.30434782608695654,0.6666666666666666
0.30434782608695654,0.6666666666666666
0.30434782608695654,0.6666666666666666
0.30434782608695654,0.6666666666666666
0.30434782608695654,0.6363636363636364
0.30434782608695654,0.6363636363636364
0.30434782608695654,0.6363636363636364
0.30434782608695654,0.6363636363636364
0.30434782608695654,0.6363636363636364
0.30434782608695654,0.6363636363636364
0.30434782608695654,0.6363636363636364
0.30434782608695654,0.6363636363636364
0.30434782608695654,0.6363636363636364
0.30434782608695654,0.6363636363636364
0.30434782608695654,0.6363636363636364
0.30434782608695654,0.6363636363636364
0.30434782608695654,0.6363636363636364
0.30434782608695654,0.6363636363636364
0.30434782608695654,0.6363636363636364
0.30434782608695654,0.6363636363636364
0.30434782608695654,0.6363636363636364
0.30434782608695654,0.6363636363636364
0.30434782608695654,0.6363636363636364
0.30434782608695654,0.6363636363636364
0.30434782608695654,0.6363636363636364
0.30434782608695654,0.6363636363636364
0.30434782608695654,0.6363636363636364
0.30434782608695654,0.6086956521739131
0.30434782608695654,0.6086956521739131
0.30434782608695654,0.6086956521739131
0.30434782608695654,0.6086956521739131
0.30434782608695654,0.6086956521739131
0.30434782608695654,0.6086956521739131
0.32608695652173914,0.625
0.32608695652173914,0.625
0.32608695652173914,0.625
0.32608695652173914,0.625
0.32608695652173914,0.625
0.32608695652173914,0.625
0.32608695652173914,0.6
0.32608695652173914,0.6
0.32608695652173914,0.6
0.32608695652173914,0.6
0.34782608695652173,0.6153846153846154
0.34782608695652173,0.6153846153846154
0.34782608695652173,0.6153846153846154
0.34782608695652173,0.6153846153846154
0.34782608695652173,0.6153846153846154
0.34782608695652173,0.6153846153846154
0.34782608695652173,0.6153846153846154
0.34782608695652173,0.6153846153846154
0.34782608695652173,0.6153846153846154
0.3695652173913043,0.6296296296296297
0.3695652173913043,0.6296296296296297
0.3695652173913043,0.6296296296296297
0.3695652173913043,0.6296296296296297
0.3695652173913043,0.6296296296296297
0.3695652173913043,0.6296296296296297
0.3695652173913043,0.6296296296296297
0.3695652173913043,0.6296296296296297
0.3695652173913043,0.6296296296296297
0.391304347826087,0.6428571428571429
0.391304347826087,0.6428571428571429
0.391304347826087,0.6428571428571429
0.391304347826087,0.6428571428571429
0.391304347826087,0.6428571428571429
0.391304347826087,0.6428571428571429
0.391304347826087,0.6428571428571429
0.391304347826087,0.6206896551724138
0.391304347826087,0.6206896551724138
0.391304347826087,0.6206896551724138
0.391304347826087,0.6206896551724138
0.391304347826087,0.6
0.391304347826087,0.6
0.391304347826087,0.6
0.391304347826087,0.6
0.391304347826087,0.6
0.391304347826087,0.6
0.391304347826087,0.6
0.391304347826087,0.6
0.391304347826087,0.6
0.391304347826087,0.5806451612903226
0.391304347826087,0.5806451612903226
0.391304347826087,0.5625
0.391304347826087,0.5625
0.391304347826087,0.5625
0.391304347826087,0.5625
0.391304347826087,0.5625
0.391304347826087,0.5454545454545454
0.391304347826087,0.5294117647058824
0.391304347826087,0.5294117647058824
0.391304347826087,0.5294117647058824
0.391304347826087,0.5294117647058824
0.391304347826087,0.5294117647058824
0.391304347826087,0.5294117647058824
0.41304347826086957,0.5428571428571428
0.41304347826086957,0.5428571428571428
0.41304347826086957,0.5428571428571428
0.43478260869565216,0.5555555555555556
0.45652173913043476,0.5675675675675675
0.45652173913043476,0.5675675675675675
0.45652173913043476,0.5675675675675675
0.45652173913043476,0.5675675675675675
0.45652173913043476,0.5526315789473685
0.45652173913043476,0.5526315789473685
0.45652173913043476,0.5526315789473685
0.45652173913043476,0.5526315789473685
0.45652173913043476,0.5526315789473685
0.4782608695652174,0.5641025641025641
0.4782608695652174,0.5641025641025641
0.4782608695652174,0.5641025641025641
0.4782608695652174,0.5641025641025641
0.4782608695652174,0.5641025641025641
0.4782608695652174,0.5641025641025641
0.5,0.575
0.5,0.575
0.5,0.575
0.5,0.5609756097560976
0.5,0.5609756097560976
0.5,0.5476190476190477
0.5,0.5476190476190477
0.5217391304347826,0.5581395348837209
0.5217391304347826,0.5581395348837209
0.5217391304347826,0.5581395348837209
0.5217391304347826,0.5581395348837209
0.5217391304347826,0.5581395348837209
0.5217391304347826,0.5581395348837209
0.5217391304347826,0.5581395348837209
0.5217391304347826,0.5581395348837209
0.5217391304347826,0.5581395348837209
0.5217391304347826,0.5454545454545454
0.5217391304347826,0.5454545454545454
0.5217391304347826,0.5454545454545454
0.5217391304347826,0.5454545454545454
0.5217391304347826,0.5454545454545454
0.5217391304347826,0.5454545454545454
0.5217391304347826,0.5454545454545454
0.5217391304347826,0.5454545454545454
0.5217391304347826,0.5454545454545454
0.5217391304347826,0.5454545454545454
0.5217391304347826,0.5454545454545454
0.5217391304347826,0.5454545454545454
0.5217391304347826,0.5333333333333333
0.5217391304347826,0.5333333333333333
0.5217391304347826,0.5333333333333333
0.5217391304347826,0.5333333333333333
0.5217391304347826,0.5333333333333333
0.5217391304347826,0.5333333333333333
0.5217391304347826,0.5333333333333333
0.5217391304347826,0.5333333333333333
0.5217391304347826,0.5217391304347826
0.5217391304347826,0.5217391304347826
0.5217391304347826,0.5217391304347826
0.5217391304347826,0.5106382978723404
0.5217391304347826,0.5106382978723404
0.5217391304347826,0.5106382978723404
0.5217391304347826,0.5106382978723404
0.5217391304347826,0.5106382978723404
0.5217391304347826,0.5106382978723404
0.5217391304347826,0.5106382978723404
0.5217391304347826,0.5106382978723404
0.5217391304347826,0.5
0.5217391304347826,0.5
0.5217391304347826,0.5
0.5434782608695652,0.5102040816326531
0.5434782608695652,0.5
0.5434782608695652,0.5
0.5434782608695652,0.5
0.5434782608695652,0.5
0.5434782608695652,0.5
0.5434782608695652,0.5
0.5434782608695652,0.5
0.5434782608695652,0.5
0.5434782608695652,0.5
0.5434782608695652,0.49019607843137253
0.5434782608695652,0.49019607843137253
0.5434782608695652,0.49019607843137253
0.5434782608695652,0.49019607843137253
0.5434782608695652,0.49019607843137253
0.5434782608695652,0.49019607843137253
0.5434782608695652,0.49019607843137253
0.5434782608695652,0.49019607843137253
0.5434782608695652,0.49019607843137253
0.5434782608695652,0.49019607843137253
0.5434782608695652,0.4807692307692308
0.5434782608695652,0.4807692307692308
0.5434782608695652,0.4716981132075472
0.5434782608695652,0.4716981132075472
0.5434782608695652,0.4716981132075472
0.5434782608695652,0.4716981132075472
0.5434782608695652,0.4716981132075472
0.5434782608695652,0.4716981132075472
0.5434782608695652,0.4716981132075472
0.5434782608695652,0.46296296296296297
0.5434782608695652,0.46296296296296297
0.5434782608695652,0.46296296296296297
0.5434782608695652,0.46296296296296297
0.5434782608695652,0.46296296296296297
0.5434782608695652,0.46296296296296297
0.5434782608695652,0.46296296296296297
0.5434782608695652,0.46296296296296297
0.5434782608695652,0.46296296296296297
0.5434782608695652,0.45454545454545453
0.5434782608695652,0.45454545454545453
0.5434782608695652,0.45454545454545453
0.5434782608695652,0.44642857142857145
0.5434782608695652,0.44642857142857145
0.5434782608695652,0.44642857142857145
0.5434782608695652,0.44642857142857145
0.5434782608695652,0.44642857142857145
0.5434782608695652,0.44642857142857145
0.5434782608695652,0.44642857142857145
0.5434782608695652,0.44642857142857145
0.5434782608695652,0.44642857142857145
0.5434782608695652,0.44642857142857145
0.5434782608695652,0.44642857142857145
0.5434782608695652,0.44642857142857145
0.5652173913043478,0.45614035087719296
0.5652173913043478,0.45614035087719296
0.5652173913043478,0.45614035087719296
0.5652173913043478,0.45614035087719296
0.5652173913043478,0.45614035087719296
0.5652173913043478,0.45614035087719296
0.5652173913043478,0.45614035087719296
0.5652173913043478,0.45614035087719296
0.5652173913043478,0.45614035087719296
0.5652173913043478,0.45614035087719296
0.5652173913043478,0.45614035087719296
0.5652173913043478,0.45614035087719296
0.5652173913043478,0.4482758620689655
0.5652173913043478,0.4482758620689655
0.5652173913043478,0.4482758620689655
0.5652173913043478,0.4482758620689655
0.5652173913043478,0.4482758620689655
0.5652173913043478,0.4482758620689655
0.5652173913043478,0.4406779661016949
0.5652173913043478,0.4406779661016949
0.5652173913043478,0.4406779661016949
0.5652173913043478,0.4406779661016949
0.5652173913043478,0.43333333333333335
0.5652173913043478,0.43333333333333335
0.5652173913043478,0.43333333333333335
0.5652173913043478,0.43333333333333335
0.5652173913043478,0.43333333333333335
0.5652173913043478,0.43333333333333335
0.5652173913043478,0.43333333333333335
0.5652173913043478,0.43333333333333335
0.5652173913043478,0.43333333333333335
0.5652173913043478,0.43333333333333335
0.5652173913043478,0.43333333333333335
0.5652173913043478,0.4262295081967213
0.5652173913043478,0.4262295081967213
0.5652173913043478,0.4262295081967213
0.5652173913043478,0.4262295081967213
0.5652173913043478,0.4262295081967213
0.5869565217391305,0.43548387096774194
0.5869565217391305,0.43548387096774194
0.5869565217391305,0.43548387096774194
0.5869565217391305,0.43548387096774194
0.5869565217391305,0.42857142857142855
0.5869565217391305,0.42857142857142855
0.5869565217391305,0.42857142857142855
0.5869565217391305,0.421875
0.5869565217391305,0.421875
0.5869565217391305,0.421875
0.5869565217391305,0.421875
0.5869565217391305,0.421875
0.5869565217391305,0.421875
0.5869565217391305,0.421875
0.6086956521739131,0.4307692307692308
0.6086956521739131,0.4307692307692308
0.6086956521739131,0.4307692307692308
0.6086956521739131,0.4307692307692308
0.6086956521739131,0.42424242424242425
0.6086956521739131,0.42424242424242425
0.6086956521739131,0.42424242424242425
0.6086956521739131,0.42424242424242425
0.6086956521739131,0.42424242424242425
0.6086956521739131,0.42424242424242425
0.6086956521739131,0.417910447761194
0.6086956521739131,0.417910447761194
0.6086956521739131,0.417910447761194
0.6086956521739131,0.417910447761194
0.6086956521739131,0.417910447761194
0.6086956521739131,0.417910447761194
0.6086956521739131,0.417910447761194
0.6086956521739131,0.417910447761194
0.6086956521739131,0.417910447761194
0.6086956521739131,0.417910447761194
0.6086956521739131,0.417910447761194
0.6086956521739131,0.417910447761194
0.6086956521739131,0.417910447761194
0.6086956521739131,0.417910447761194
0.6086956521739131,0.417910447761194
0.6086956521739131,0.4117647058823529
0.6086956521739131,0.4117647058823529
0.6086956521739131,0.4117647058823529
0.6086956521739131,0.4057971014492754
0.6304347826086957,0.4142857142857143
0.6304347826086957,0.4142857142857143
0.6304347826086957,0.4142857142857143
0.6304347826086957,0.4142857142857143
0.6521739130434783,0.4225352112676056
0.6521739130434783,0.4225352112676056
0.6521739130434783,0.4225352112676056
0.6521739130434783,0.4225352112676056
0.6521739130434783,0.4225352112676056
0.6521739130434783,0.4225352112676056
0.6521739130434783,0.4225352112676056
0.6521739130434783,0.4225352112676056
0.6521739130434783,0.4225352112676056
0.6521739130434783,0.4166666666666667
0.6521739130434783,0.4166666666666667
0.6521739130434783,0.4166666666666667
0.6521739130434783,0.4166666666666667
0.6521739130434783,0.4166666666666667
0.6521739130434783,0.4166666666666667
0.6521739130434783,0.410958904109589
0.6739130434782609,0.4189189189189189
0.6739130434782609,0.4189189189189189
0.6739130434782609,0.4189189189189189
0.6739130434782609,0.41333333333333333
0.6739130434782609,0.41333333333333333
0.6739130434782609,0.41333333333333333
0.6739130434782609,0.41333333333333333
0.6739130434782609,0.41333333333333333
0.6739130434782609,0.41333333333333333
0.6739130434782609,0.41333333333333333
0.6739130434782609,0.41333333333333333
0.6739130434782609,0.40789473684210525
0.6739130434782609,0.40789473684210525
0.6739130434782609,0.40789473684210525
0.6739130434782609,0.40789473684210525
0.6739130434782609,0.40789473684210525
0.6739130434782609,0.40789473684210525
0.6739130434782609,0.40789473684210525
0.6739130434782609,0.4025974025974026
0.6739130434782609,0.4025974025974026
0.6739130434782609,0.4025974025974026
0.6739130434782609,0.3974358974358974
0.6739130434782609,0.3974358974358974
0.6739130434782609,0.3924050632911392
0.6739130434782609,0.3924050632911392
0.6739130434782609,0.3924050632911392
0.6739130434782609,0.3924050632911392
0.6739130434782609,0.3924050632911392
0.6739130434782609,0.3924050632911392
0.6739130434782609,0.3924050632911392
0.6739130434782609,0.3924050632911392
0.6739130434782609,0.3924050632911392
0.6739130434782609,0.3875
0.6739130434782609,0.3875
0.6739130434782609,0.3875
0.6739130434782609,0.3875
0.6739130434782609,0.3875
0.6739130434782609,0.3875
0.6739130434782609,0.3875
0.6739130434782609,0.3875
0.6739130434782609,0.3875
0.6739130434782609,0.3875
0.6739130434782609,0.3875
0.6739130434782609,0.3875
0.6739130434782609,0.3875
0.6739130434782609,0.3875
0.6739130434782609,0.3875
0.6739130434782609,0.38271604938271603
0.6739130434782609,0.38271604938271603
0.6739130434782609,0.38271604938271603
0.6739130434782609,0.38271604938271603
0.6739130434782609,0.38271604938271603
0.6739130434782609,0.38271604938271603
0.6739130434782609,0.3780487804878049
0.6739130434782609,0.3780487804878049
0.6739130434782609,0.3780487804878049
0.6739130434782609,0.3780487804878049
0.6739130434782609,0.3780487804878049
0.6739130434782609,0.3780487804878049
0.6739130434782609,0.3780487804878049
0.6739130434782609,0.3780487804878049
0.6739130434782609,0.3780487804878049
0.6739130434782609,0.3780487804878049
0.6739130434782609,0.3780487804878049
0.6739130434782609,0.37349397590361444
0.6739130434782609,0.37349397590361444
0.6739130434782609,0.37349397590361444
0.6739130434782609,0.37349397590361444
0.6739130434782609,0.37349397590361444
0.6739130434782609,0.37349397590361444
0.6956521739130435,0.38095238095238093
0.6956521739130435,0.38095238095238093
0.6956521739130435,0.38095238095238093
0.6956521739130435,0.38095238095238093
0.6956521739130435,0.38095238095238093
0.6956521739130435,0.38095238095238093
0.6956521739130435,0.3764705882352941
0.6956521739130435,0.3764705882352941
0.6956521739130435,0.3764705882352941
0.6956521739130435,0.3764705882352941
0.6956521739130435,0.3764705882352941
0.6956521739130435,0.3764705882352941
0.6956521739130435,0.37209302325581395
0.6956521739130435,0.37209302325581395
0.6956521739130435,0.37209302325581395
0.6956521739130435,0.367816091954023
0.6956521739130435,0.367816091954023
0.6956521739130435,0.367816091954023
0.6956521739130435,0.367816091954023
0.6956521739130435,0.367816091954023
0.6956521739130435,0.367816091954023
0.6956521739130435,0.367816091954023
0.6956521739130435,0.367816091954023
0.6956521739130435,0.367816091954023
0.6956521739130435,0.367816091954023
0.6956521739130435,0.367816091954023
0.6956521739130435,0.367816091954023
0.6956521739130435,0.367816091954023
0.6956521739130435,0.36363636363636365
0.6956521739130435,0.36363636363636365
0.6956521739130435,0.36363636363636365
0.6956521739130435,0.36363636363636365
0.6956521739130435,0.3595505617977528
0.717391304347826,0.36666666666666664
0.717391304347826,0.3626373626373626
0.717391304347826,0.3626373626373626
0.717391304347826,0.358695652173913
0.717391304347826,0.358695652173913
0.717391304347826,0.358695652173913
0.717391304347826,0.358695652173913
0.717391304347826,0.358695652173913
0.717391304347826,0.358695652173913
0.717391304347826,0.358695652173913
0.717391304347826,0.358695652173913
0.717391304347826,0.358695652173913
0.717391304347826,0.358695652173913
0.717391304347826,0.358695652173913
0.717391304347826,0.358695652173913
0.717391304347826,0.358695652173913
0.717391304347826,0.358695652173913
0.717391304347826,0.358695652173913
0.717391304347826,0.358695652173913
0.717391304347826,0.358695652173913
0.717391304347826,0.358695652173913
0.7391304347826086,0.3655913978494624
0.7391304347826086,0.3617021276595745
0.7391304347826086,0.35789473684210527
0.7391304347826086,0.35789473684210527
0.7391304347826086,0.35789473684210527
0.7391304347826086,0.35789473684210527
0.7391304347826086,0.35789473684210527
0.7391304347826086,0.35789473684210527
0.7391304347826086,0.3541666666666667
0.7391304347826086,0.3541666666666667
0.7391304347826086,0.3541666666666667
0.7608695652173914,0.36082474226804123
0.7608695652173914,0.36082474226804123
0.7608695652173914,0.35714285714285715
0.7608695652173914,0.35714285714285715
0.7608695652173914,0.35353535353535354
0.7608695652173914,0.35353535353535354
0.7608695652173914,0.35353535353535354
0.7608695652173914,0.35353535353535354
0.7608695652173914,0.35
0.782608695652174,0.3564356435643564
0.782608695652174,0.3564356435643564
0.782608695652174,0.3564356435643564
0.782608695652174,0.3564356435643564
0.782608695652174,0.3564356435643564
0.782608695652174,0.35294117647058826
0.782608695652174,0.34951456310679613
0.782608695652174,0.34951456310679613
0.782608695652174,0.34951456310679613
0.782608695652174,0.34951456310679613
0.782608695652174,0.34615384615384615
0.782608695652174,0.34615384615384615
0.782608695652174,0.34615384615384615
0.782608695652174,0.34615384615384615
0.782608695652174,0.34615384615384615
0.782608695652174,0.34615384615384615
0.782608695652174,0.34615384615384615
0.782608695652174,0.34285714285714286
0.782608695652174,0.34285714285714286
0.782608695652174,0.34285714285714286
0.782608695652174,0.34285714285714286
0.782608695652174,0.33962264150943394
0.782608695652174,0.33962264150943394
0.782608695652174,0.3364485981308411
0.782608695652174,0.3364485981308411
0.782608695652174,0.3333333333333333
0.782608695652174,0.3302752293577982
0.782608695652174,0.3302752293577982
0.782608695652174,0.3302752293577982
0.782608695652174,0.3302752293577982
0.782608695652174,0.3302752293577982
0.782608695652174,0.3302752293577982
0.782608695652174,0.3302752293577982
0.782608695652174,0.3302752293577982
0.782608695652174,0.3302752293577982
0.782608695652174,0.3302752293577982
0.782608695652174,0.3302752293577982
0.782608695652174,0.3302752293577982
0.782608695652174,0.3302752293577982
0.782608695652174,0.3302752293577982
0.782608695652174,0.3302752293577982
0.782608695652174,0.3302752293577982
0.782608695652174,0.3302752293577982
0.782608695652174,0.32727272727272727
0.782608695652174,0.32727272727272727
0.782608695652174,0.32432432432432434
0.782608695652174,0.32432432432432434
0.782608695652174,0.32432432432432434
0.782608695652174,0.32432432432432434
0.782608695652174,0.32432432432432434
0.782608695652174,0.32432432432432434
0.782608695652174,0.32432432432432434
0.782608695652174,0.32142857142857145
0.782608695652174,0.32142857142857145
0.782608695652174,0.32142857142857145
0.782608695652174,0.3185840707964602
0.782608695652174,0.3185840707964602
0.782608695652174,0.3185840707964602
0.782608695652174,0.3185840707964602
0.782608695652174,0.3185840707964602
0.782608695652174,0.3157894736842105
0.8043478260869565,0.3217391304347826
0.8043478260869565,0.3217391304347826
0.8043478260869565,0.3217391304347826
0.8043478260869565,0.3217391304347826
0.8043478260869565,0.3217391304347826
0.8043478260869565,0.31896551724137934
0.8043478260869565,0.31896551724137934
0.8043478260869565,0.31896551724137934
0.8043478260869565,0.31896551724137934
0.8043478260869565,0.31896551724137934
0.8043478260869565,0.31896551724137934
0.8043478260869565,0.3162393162393162
0.8043478260869565,0.3162393162393162
0.8043478260869565,0.3162393162393162
0.8043478260869565,0.3162393162393162
0.8043478260869565,0.3162393162393162
0.8043478260869565,0.3162393162393162
0.8043478260869565,0.3162393162393162
0.8043478260869565,0.3162393162393162
0.8043478260869565,0.3162393162393162
0.8043478260869565,0.3162393162393162
0.8043478260869565,0.3162393162393162
0.8043478260869565,0.3162393162393162
0.8043478260869565,0.3162393162393162
0.8043478260869565,0.3162393162393162
0.8043478260869565,0.3162393162393162
0.8043478260869565,0.3135593220338983
0.8043478260869565,0.3135593220338983
0.8043478260869565,0.3135593220338983
0.8043478260869565,0.3135593220338983
0.8043478260869565,0.3135593220338983
0.8043478260869565,0.3135593220338983
0.8043478260869565,0.3135593220338983
0.8043478260869565,0.31092436974789917
0.8043478260869565,0.31092436974789917
0.8043478260869565,0.30833333333333335
0.8043478260869565,0.30833333333333335
0.8043478260869565,0.30833333333333335
0.8043478260869565,0.30833333333333335
0.8043478260869565,0.30833333333333335
0.8043478260869565,0.30833333333333335
0.8043478260869565,0.30833333333333335
0.8043478260869565,0.30833333333333335
0.8043478260869565,0.30833333333333335
0.8043478260869565,0.30578512396694213
0.8043478260869565,0.30578512396694213
0.8043478260869565,0.30578512396694213
0.8043478260869565,0.30578512396694213
0.8043478260869565,0.30578512396694213
0.8260869565217391,0.3114754098360656
0.8260869565217391,0.3114754098360656
0.8260869565217391,0.3114754098360656
0.8260869565217391,0.3114754098360656
0.8260869565217391,0.3114754098360656
0.8260869565217391,0.3089430894308943
0.8260869565217391,0.3089430894308943
0.8260869565217391,0.3064516129032258
0.8260869565217391,0.3064516129032258
0.8260869565217391,0.3064516129032258
0.8260869565217391,0.304
0.8260869565217391,0.304
0.8260869565217391,0.304
0.8260869565217391,0.304
0.8260869565217391,0.304
0.8260869565217391,0.304
0.8260869565217391,0.304
0.8260869565217391,0.304
0.8260869565217391,0.304
0.8260869565217391,0.30158730158730157
0.8260869565217391,0.30158730158730157
0.8260869565217391,0.30158730158730157
0.8260869565217391,0.30158730158730157
0.8260869565217391,0.30158730158730157
0.8260869565217391,0.30158730158730157
0.8260869565217391,0.30158730158730157
0.8260869565217391,0.30158730158730157
0.8478260869565217,0.30708661417322836
0.8478260869565217,0.30708661417322836
0.8478260869565217,0.3046875
0.8478260869565217,0.3046875
0.8478260869565217,0.3046875
0.8478260869565217,0.3046875
0.8478260869565217,0.3046875
0.8478260869565217,0.3046875
0.8478260869565217,0.3046875
0.8478260869565217,0.3046875
0.8478260869565217,0.3023255813953488
0.8478260869565217,0.3023255813953488
0.8478260869565217,0.3023255813953488
0.8478260869565217,0.3023255813953488
0.8478260869565217,0.3023255813953488
0.8478260869565217,0.3
0.8478260869565217,0.29770992366412213
0.8478260869565217,0.29770992366412213
0.8478260869565217,0.29770992366412213
0.8478260869565217,0.29770992366412213
0.8478260869565217,0.29770992366412213
0.8478260869565217,0.29545454545454547
0.8478260869565217,0.29545454545454547
0.8478260869565217,0.29545454545454547
0.8478260869565217,0.2932330827067669
0.8478260869565217,0.2932330827067669
0.8478260869565217,0.291044776119403
0.8478260869565217,0.291044776119403
0.8478260869565217,0.291044776119403
0.8478260869565217,0.28888888888888886
0.8478260869565217,0.28888888888888886
0.8478260869565217,0.28888888888888886
0.8478260869565217,0.2867647058823529
0.8478260869565217,0.2867647058823529
0.8478260869565217,0.2867647058823529
0.8478260869565217,0.2867647058823529
0.8478260869565217,0.2846715328467153
0.8478260869565217,0.2846715328467153
0.8478260869565217,0.2846715328467153
0.8478260869565217,0.2846715328467153
0.8478260869565217,0.2846715328467153
0.8478260869565217,0.2846715328467153
0.8478260869565217,0.2846715328467153
0.8478260869565217,0.2826086956521739
0.8478260869565217,0.2826086956521739
0.8478260869565217,0.2826086956521739
0.8478260869565217,0.2826086956521739
0.8478260869565217,0.2826086956521739
0.8478260869565217,0.2826086956521739
0.8478260869565217,0.2826086956521739
0.8478260869565217,0.2826086956521739
0.8478260869565217,0.2826086956521739
0.8478260869565217,0.2826086956521739
0.8478260869565217,0.2826086956521739
0.8478260869565217,0.2826086956521739
0.8478260869565217,0.2826086956521739
0.8478260869565217,0.2826086956521739
0.8478260869565217,0.2826086956521739
0.8478260869565217,0.2826086956521739
0.8478260869565217,0.2826086956521739
0.8478260869565217,0.2805755395683453
0.8478260869565217,0.2805755395683453
0.8478260869565217,0.2785714285714286
0.8478260869565217,0.2765957446808511
0.8478260869565217,0.2765957446808511
0.8478260869565217,0.2765957446808511
0.8478260869565217,0.2765957446808511
0.8478260869565217,0.2765957446808511
0.8478260869565217,0.2765957446808511
0.8478260869565217,0.2765957446808511
0.8478260869565217,0.2746478873239437
0.8478260869565217,0.2746478873239437
0.8478260869565217,0.2746478873239437
0.8478260869565217,0.2746478873239437
0.8478260869565217,0.2746478873239437
0.8478260869565217,0.2746478873239437
0.8478260869565217,0.2727272727272727
0.8478260869565217,0.2708333333333333
0.8478260869565217,0.2708333333333333
0.8478260869565217,0.2708333333333333
0.8478260869565217,0.2708333333333333
0.8478260869565217,0.2689655172413793
0.8478260869565217,0.2689655172413793
0.8478260869565217,0.2671232876712329
0.8478260869565217,0.2671232876712329
0.8478260869565217,0.2671232876712329
0.8478260869565217,0.2671232876712329
0.8478260869565217,0.2671232876712329
0.8478260869565217,0.2671232876712329
0.8478260869565217,0.2671232876712329
0.8478260869565217,0.2671232876712329
0.8478260869565217,0.2671232876712329
0.8478260869565217,0.2653061224489796
0.8478260869565217,0.2653061224489796
0.8478260869565217,0.2635135135135135
0.8478260869565217,0.2635135135135135
0.8478260869565217,0.2635135135135135
0.8478260869565217,0.2635135135135135
0.8478260869565217,0.2635135135135135
0.8478260869565217,0.2635135135135135
0.8478260869565217,0.2635135135135135
0.8478260869565217,0.2635135135135135
0.8478260869565217,0.2635135135135135
0.8478260869565217,0.26174496644295303
0.8478260869565217,0.26174496644295303
0.8478260869565217,0.26
0.8478260869565217,0.26
0.8478260869565217,0.2582781456953642
0.8478260869565217,0.2582781456953642
0.8478260869565217,0.2565789473684211
0.8478260869565217,0.2565789473684211
0.8478260869565217,0.2565789473684211
0.8478260869565217,0.2565789473684211
0.8478260869565217,0.2565789473684211
0.8478260869565217,0.2565789473684211
0.8478260869565217,0.2565789473684211
0.8478260869565217,0.2565789473684211
0.8478260869565217,0.2565789473684211
0.8478260869565217,0.2565789473684211
0.8478260869565217,0.2565789473684211
0.8478260869565217,0.2565789473684211
0.8478260869565217,0.2549019607843137
0.8478260869565217,0.2549019607843137
0.8478260869565217,0.2549019607843137
0.8478260869565217,0.2549019607843137
0.8478260869565217,0.2549019607843137
0.8478260869565217,0.2549019607843137
0.8478260869565217,0.2549019607843137
0.8478260869565217,0.2532467532467532
0.8478260869565217,0.25161290322580643
0.8478260869565217,0.25
0.8478260869565217,0.25
0.8478260869565217,0.25
0.8478260869565217,0.2484076433121019
0.8478260869565217,0.2468354430379747
0.8478260869565217,0.24528301886792453
0.8478260869565217,0.24528301886792453
0.8478260869565217,0.24528301886792453
0.8478260869565217,0.24528301886792453
0.8478260869565217,0.24375
0.8478260869565217,0.24375
0.8478260869565217,0.24375
0.8478260869565217,0.2422360248447205
0.8478260869565217,0.2422360248447205
0.8478260869565217,0.24074074074074073
0.8478260869565217,0.24074074074074073
0.8478260869565217,0.24074074074074073
0.8478260869565217,0.24074074074074073
0.8478260869565217,0.2392638036809816
0.8478260869565217,0.2392638036809816
0.8478260869565217,0.2392638036809816
0.8478260869565217,0.2392638036809816
0.8478260869565217,0.2392638036809816
0.8478260869565217,0.2392638036809816
0.8478260869565217,0.23780487804878048
0.8478260869565217,0.23780487804878048
0.8478260869565217,0.23636363636363636
0.8478260869565217,0.23636363636363636
0.8478260869565217,0.23636363636363636
0.8478260869565217,0.23636363636363636
0.8478260869565217,0.23493975903614459
0.8478260869565217,0.23493975903614459
0.8478260869565217,0.23493975903614459
0.8478260869565217,0.23493975903614459
0.8478260869565217,0.23353293413173654
0.8478260869565217,0.23353293413173654
0.8478260869565217,0.23214285714285715
0.8478260869565217,0.23214285714285715
0.8478260869565217,0.23214285714285715
0.8478260869565217,0.23214285714285715
0.8478260869565217,0.23214285714285715
0.8478260869565217,0.23214285714285715
0.8478260869565217,0.23214285714285715
0.8478260869565217,0.23214285714285715
0.8478260869565217,0.23076923076923078
0.8478260869565217,0.23076923076923078
0.8478260869565217,0.23076923076923078
0.8478260869565217,0.23076923076923078
0.8478260869565217,0.23076923076923078
0.8478260869565217,0.23076923076923078
0.8478260869565217,0.23076923076923078
0.8478260869565217,0.23076923076923078
0.8478260869565217,0.23076923076923078
0.8478260869565217,0.23076923076923078
0.8478260869565217,0.23076923076923078
0.8478260869565217,0.23076923076923078
0.8478260869565217,0.23076923076923078
0.8478260869565217,0.23076923076923078
0.8478260869565217,0.23076923076923078
0.8478260869565217,0.23076923076923078
0.8478260869565217,0.23076923076923078
0.8478260869565217,0.23076923076923078
0.8478260869565217,0.23076923076923078
0.8478260869565217,0.23076923076923078
0.8478260869565217,0.22941176470588234
0.8478260869565217,0.22807017543859648
0.8478260869565217,0.22807017543859648
0.8478260869565217,0.22807017543859648
0.8478260869565217,0.22674418604651161
0.8478260869565217,0.22674418604651161
0.8478260869565217,0.2254335260115607
0.8478260869565217,0.2254335260115607
0.8478260869565217,0.2254335260115607
0.8478260869565217,0.2254335260115607
0.8478260869565217,0.2254335260115607
0.8478260869565217,0.2254335260115607
0.8478260869565217,0.2254335260115607
0.8478260869565217,0.2254335260115607
0.8478260869565217,0.2254335260115607
0.8478260869565217,0.22413793103448276
0.8478260869565217,0.22413793103448276
0.8478260869565217,0.22413793103448276
0.8478260869565217,0.22413793103448276
0.8478260869565217,0.22413793103448276
0.8478260869565217,0.22413793103448276
0.8478260869565217,0.22285714285714286
0.8478260869565217,0.22285714285714286
0.8478260869565217,0.22285714285714286
0.8478260869565217,0.22285714285714286
0.8478260869565217,0.22285714285714286
0.8478260869565217,0.22285714285714286
0.8478260869565217,0.22285714285714286
0.8478260869565217,0.22285714285714286
0.8478260869565217,0.22285714285714286
0.8478260869565217,0.22285714285714286
0.8478260869565217,0.2215909090909091
0.8478260869565217,0.2215909090909091
0.8478260869565217,0.2215909090909091
0.8478260869565217,0.2215909090909091
0.8478260869565217,0.22033898305084745
0.8478260869565217,0.22033898305084745
0.8478260869565217,0.22033898305084745
0.8478260869565217,0.22033898305084745
0.8478260869565217,0.22033898305084745
0.8478260869565217,0.22033898305084745
0.8478260869565217,0.22033898305084745
0.8478260869565217,0.22033898305084745
0.8478260869565217,0.22033898305084745
0.8478260869565217,0.22033898305084745
0.8478260869565217,0.22033898305084745
0.8478260869565217,0.22033898305084745
0.8478260869565217,0.22033898305084745
0.8478260869565217,0.22033898305084745
0.8478260869565217,0.22033898305084745
0.8478260869565217,0.22033898305084745
0.8478260869565217,0.22033898305084745
0.8478260869565217,0.22033898305084745
0.8478260869565217,0.22033898305084745
0.8478260869565217,0.22033898305084745
0.8478260869565217,0.22033898305084745
0.8478260869565217,0.22033898305084745
0.8478260869565217,0.22033898305084745
0.8478260869565217,0.21910112359550563
0.8478260869565217,0.21910112359550563
0.8478260869565217,0.21910112359550563
0.8478260869565217,0.21910112359550563
0.8478260869565217,0.21910112359550563
0.8478260869565217,0.21910112359550563
0.8478260869565217,0.21910112359550563
0.8478260869565217,0.21787709497206703
0.8478260869565217,0.21787709497206703
0.8478260869565217,0.21787709497206703
0.8478260869565217,0.21787709497206703
0.8478260869565217,0.21787709497206703
0.8478260869565217,0.21787709497206703
0.8478260869565217,0.21666666666666667
0.8478260869565217,0.21666666666666667
0.8478260869565217,0.21666666666666667
0.8478260869565217,0.2154696132596685
0.8478260869565217,0.21428571428571427
0.8478260869565217,0.21428571428571427
0.8478260869565217,0.21428571428571427
0.8478260869565217,0.21428571428571427
0.8478260869565217,0.21428571428571427
0.8478260869565217,0.21311475409836064
0.8478260869565217,0.21311475409836064
0.8478260869565217,0.21311475409836064
0.8478260869565217,0.21311475409836064
0.8478260869565217,0.21195652173913043
0.8478260869565217,0.21195652173913043
0.8478260869565217,0.21195652173913043
0.8695652173913043,0.21621621621621623
0.8695652173913043,0.21621621621621623
0.8695652173913043,0.21621621621621623
0.8695652173913043,0.21621621621621623
0.8695652173913043,0.21621621621621623
0.8695652173913043,0.21621621621621623
0.8695652173913043,0.21621621621621623
0.8695652173913043,0.21621621621621623
0.8695652173913043,0.21621621621621623
0.8695652173913043,0.21505376344086022
0.8695652173913043,0.21505376344086022
0.8695652173913043,0.21390374331550802
0.8695652173913043,0.21390374331550802
0.8695652173913043,0.21390374331550802
0.8695652173913043,0.21390374331550802
0.8695652173913043,0.2127659574468085
0.8695652173913043,0.2127659574468085
0.8695652173913043,0.2127659574468085
0.8695652173913043,0.21164021164021163
0.8695652173913043,0.21164021164021163
0.8695652173913043,0.21164021164021163
0.8695652173913043,0.21164021164021163
0.8695652173913043,0.21052631578947367
0.8695652173913043,0.21052631578947367
0.8695652173913043,0.21052631578947367
0.8695652173913043,0.21052631578947367
0.8695652173913043,0.21052631578947367
0.8695652173913043,0.2094240837696335
0.8695652173913043,0.2094240837696335
0.8695652173913043,0.2094240837696335
0.8695652173913043,0.2094240837696335
0.8695652173913043,0.2094240837696335
0.8695652173913043,0.2094240837696335
0.8695652173913043,0.2094240837696335
0.8695652173913043,0.20833333333333334
0.8695652173913043,0.20833333333333334
0.8695652173913043,0.20833333333333334
0.8695652173913043,0.20833333333333334
0.8695652173913043,0.20833333333333334
0.8695652173913043,0.20833333333333334
0.8695652173913043,0.20725388601036268
0.8695652173913043,0.20725388601036268
0.8695652173913043,0.20618556701030927
0.8695652173913043,0.20618556701030927
0.8695652173913043,0.20618556701030927
0.8695652173913043,0.20618556701030927
0.8695652173913043,0.20618556701030927
0.8695652173913043,0.20618556701030927
0.8695652173913043,0.20618556701030927
0.8695652173913043,0.20618556701030927
0.8695652173913043,0.20512820512820512
0.8695652173913043,0.20512820512820512
0.8695652173913043,0.20512820512820512
0.8695652173913043,0.20512820512820512
0.8695652173913043,0.20512820512820512
0.8695652173913043,0.20512820512820512
0.8695652173913043,0.20512820512820512
0.8695652173913043,0.20512820512820512
0.8695652173913043,0.20512820512820512
0.8695652173913043,0.20512820512820512
0.8695652173913043,0.20512820512820512
0.8695652173913043,0.20408163265306123
0.8695652173913043,0.20408163265306123
0.8695652173913043,0.20408163265306123
0.8695652173913043,0.20408163265306123
0.8695652173913043,0.20408163265306123
0.8695652173913043,0.20408163265306123
0.8695652173913043,0.20304568527918782
0.8695652173913043,0.20304568527918782
0.8695652173913043,0.20304568527918782
0.8695652173913043,0.20304568527918782
0.8695652173913043,0.20304568527918782
0.8695652173913043,0.20202020202020202
0.8695652173913043,0.20100502512562815
0.8695652173913043,0.20100502512562815
0.8695652173913043,0.20100502512562815
0.8695652173913043,0.20100502512562815
0.8695652173913043,0.20100502512562815
0.8695652173913043,0.20100502512562815
0.8695652173913043,0.20100502512562815
0.8695652173913043,0.20100502512562815
0.8695652173913043,0.20100502512562815
0.8695652173913043,0.20100502512562815
0.8695652173913043,0.20100502512562815
0.8695652173913043,0.20100502512562815
0.8695652173913043,0.20100502512562815
0.8695652173913043,0.20100502512562815
0.8695652173913043,0.20100502512562815
0.8695652173913043,0.20100502512562815
0.8695652173913043,0.20100502512562815
0.8695652173913043,0.20100502512562815
0.8695652173913043,0.20100502512562815
0.8695652173913043,0.20100502512562815
0.8695652173913043,0.2
0.8695652173913043,0.2
0.8695652173913043,0.2
0.8695652173913043,0.2
0.8695652173913043,0.2
0.8695652173913043,0.2
0.8695652173913043,0.2
0.8695652173913043,0.2
0.8695652173913043,0.2
0.8695652173913043,0.2
0.8695652173913043,0.2
0.8695652173913043,0.2
0.8695652173913043,0.2
0.8695652173913043,0.2
0.8695652173913043,0.2
0.8695652173913043,0.2
0.8695652173913043,0.19900497512437812
0.8695652173913043,0.19900497512437812
0.8695652173913043,0.19900497512437812
0.8695652173913043,0.19900497512437812
0.8695652173913043,0.19801980198019803
0.8695652173913043,0.19801980198019803
0.8695652173913043,0.19801980198019803
0.8695652173913043,0.19801980198019803
0.8695652173913043,0.19801980198019803
0.8695652173913043,0.19801980198019803
0.8695652173913043,0.19801980198019803
0.8695652173913043,0.19801980198019803
0.8695652173913043,0.19801980198019803
0.8695652173913043,0.19801980198019803
0.8695652173913043,0.19801980198019803
0.8695652173913043,0.19801980198019803
0.8695652173913043,0.19801980198019803
0.8695652173913043,0.19801980198019803
0.8695652173913043,0.19704433497536947
0.8695652173913043,0.19704433497536947
0.8695652173913043,0.19704433497536947
0.8695652173913043,0.19704433497536947
0.8695652173913043,0.19704433497536947
0.8695652173913043,0.19704433497536947
0.8695652173913043,0.19607843137254902
0.8695652173913043,0.19607843137254902
0.8695652173913043,0.19607843137254902
0.8695652173913043,0.19607843137254902
0.8695652173913043,0.19607843137254902
0.8695652173913043,0.19607843137254902
0.8695652173913043,0.19607843137254902
0.8695652173913043,0.19607843137254902
0.8695652173913043,0.19607843137254902
0.8695652173913043,0.19607843137254902
0.8695652173913043,0.19607843137254902
0.8695652173913043,0.19607843137254902
0.8695652173913043,0.1951219512195122
0.8695652173913043,0.1951219512195122
0.8695652173913043,0.1941747572815534
0.8695652173913043,0.1941747572815534
0.8695652173913043,0.1941747572815534
0.8695652173913043,0.1932367149758454
0.8695652173913043,0.1932367149758454
0.8695652173913043,0.1932367149758454
0.8913043478260869,0.1971153846153846
0.8913043478260869,0.1971153846153846
0.8913043478260869,0.1971153846153846
0.8913043478260869,0.1971153846153846
0.8913043478260869,0.19617224880382775
0.8913043478260869,0.19617224880382775
0.8913043478260869,0.19617224880382775
0.8913043478260869,0.19617224880382775
0.8913043478260869,0.19617224880382775
0.8913043478260869,0.19617224880382775
0.8913043478260869,0.19617224880382775
0.8913043478260869,0.19617224880382775
0.8913043478260869,0.19523809523809524
0.8913043478260869,0.19523809523809524
0.8913043478260869,0.1943127962085308
0.8913043478260869,0.1943127962085308
0.8913043478260869,0.1943127962085308
0.8913043478260869,0.1943127962085308
0.8913043478260869,0.1943127962085308
0.8913043478260869,0.1943127962085308
0.8913043478260869,0.1943127962085308
0.8913043478260869,0.1943127962085308
0.8913043478260869,0.1943127962085308
0.8913043478260869,0.1943127962085308
0.8913043478260869,0.1943127962085308
0.8913043478260869,0.1943127962085308
0.8913043478260869,0.1943127962085308
0.8913043478260869,0.1943127962085308
0.8913043478260869,0.1943127962085308
0.8913043478260869,0.1943127962085308
0.8913043478260869,0.1943127962085308
0.8913043478260869,0.1943127962085308
0.8913043478260869,0.1943127962085308
0.8913043478260869,0.19339622641509435
0.8913043478260869,0.19248826291079812
0.8913043478260869,0.19248826291079812
0.8913043478260869,0.19248826291079812
0.8913043478260869,0.19248826291079812
0.8913043478260869,0.19158878504672897
0.8913043478260869,0.19158878504672897
0.8913043478260869,0.19158878504672897
0.8913043478260869,0.19158878504672897
0.8913043478260869,0.19158878504672897
0.8913043478260869,0.19069767441860466
0.8913043478260869,0.18981481481481483
0.8913043478260869,0.18981481481481483
0.8913043478260869,0.18981481481481483
0.8913043478260869,0.1889400921658986
0.8913043478260869,0.1889400921658986
0.8913043478260869,0.18807339449541285
0.8913043478260869,0.18807339449541285
0.8913043478260869,0.18807339449541285
0.8913043478260869,0.18807339449541285
0.8913043478260869,0.1872146118721461
0.8913043478260869,0.1872146118721461
0.8913043478260869,0.18636363636363637
0.8913043478260869,0.18636363636363637
0.8913043478260869,0.18636363636363637
0.8913043478260869,0.18552036199095023
0.8913043478260869,0.18552036199095023
0.8913043478260869,0.18552036199095023
0.8913043478260869,0.18552036199095023
0.8913043478260869,0.18468468468468469
0.8913043478260869,0.18468468468468469
0.8913043478260869,0.18468468468468469
0.8913043478260869,0.18468468468468469
0.8913043478260869,0.18468468468468469
0.8913043478260869,0.18468468468468469
0.8913043478260869,0.18468468468468469
0.8913043478260869,0.18468468468468469
0.8913043478260869,0.18468468468468469
0.8913043478260869,0.18385650224215247
0.8913043478260869,0.18385650224215247
0.8913043478260869,0.18385650224215247
0.8913043478260869,0.18385650224215247
0.8913043478260869,0.18303571428571427
0.8913043478260869,0.18303571428571427
0.8913043478260869,0.18303571428571427
0.8913043478260869,0.18303571428571427
0.8913043478260869,0.18222222222222223
0.8913043478260869,0.18222222222222223
0.8913043478260869,0.18222222222222223
0.8913043478260869,0.18141592920353983
0.8913043478260869,0.18141592920353983
0.8913043478260869,0.18141592920353983
0.8913043478260869,0.18061674008810572
0.8913043478260869,0.17982456140350878
0.8913043478260869,0.17982456140350878
0.8913043478260869,0.17903930131004367
0.8913043478260869,0.17903930131004367
0.8913043478260869,0.17903930131004367
0.8913043478260869,0.17903930131004367
0.8913043478260869,0.17903930131004367
0.8913043478260869,0.17903930131004367
0.8913043478260869,0.1782608695652174
0.8913043478260869,0.1782608695652174
0.8913043478260869,0.1782608695652174
0.8913043478260869,0.1782608695652174
0.8913043478260869,0.1782608695652174
0.8913043478260869,0.1782608695652174
0.8913043478260869,0.1782608695652174
0.8913043478260869,0.1782608695652174
0.8913043478260869,0.1782608695652174
0.8913043478260869,0.1782608695652174
0.8913043478260869,0.1782608695652174
0.8913043478260869,0.1774891774891775
0.8913043478260869,0.1774891774891775
0.8913043478260869,0.1774891774891775
0.8913043478260869,0.1774891774891775
0.8913043478260869,0.17672413793103448
0.8913043478260869,0.17672413793103448
0.8913043478260869,0.17672413793103448
0.8913043478260869,0.17672413793103448
0.8913043478260869,0.1759656652360515
0.8913043478260869,0.1759656652360515
0.8913043478260869,0.1759656652360515
0.8913043478260869,0.1759656652360515
0.8913043478260869,0.1759656652360515
0.8913043478260869,0.1759656652360515
0.8913043478260869,0.1759656652360515
0.8913043478260869,0.1759656652360515
0.8913043478260869,0.1752136752136752
0.8913043478260869,0.1752136752136752
0.8913043478260869,0.1752136752136752
0.8913043478260869,0.1752136752136752
0.8913043478260869,0.17446808510638298
0.8913043478260869,0.17446808510638298
0.8913043478260869,0.17446808510638298
0.8913043478260869,0.17372881355932204
0.8913043478260869,0.17372881355932204
0.8913043478260869,0.17372881355932204
0.8913043478260869,0.1729957805907173
0.8913043478260869,0.1722689075630252
0.8913043478260869,0.1722689075630252
0.8913043478260869,0.17154811715481172
0.8913043478260869,0.17154811715481172
0.8913043478260869,0.17154811715481172
0.8913043478260869,0.17083333333333334
0.8913043478260869,0.17083333333333334
0.8913043478260869,0.17083333333333334
0.8913043478260869,0.17083333333333334
0.8913043478260869,0.17083333333333334
0.8913043478260869,0.17083333333333334
0.8913043478260869,0.17083333333333334
0.8913043478260869,0.17083333333333334
0.8913043478260869,0.17083333333333334
0.8913043478260869,0.17083333333333334
0.8913043478260869,0.17083333333333334
0.8913043478260869,0.17083333333333334
0.8913043478260869,0.17083333333333334
0.8913043478260869,0.17012448132780084
0.8913043478260869,0.16942148760330578
0.8913043478260869,0.16872427983539096
0.8913043478260869,0.16872427983539096
0.8913043478260869,0.16872427983539096
0.8913043478260869,0.1680327868852459
0.8913043478260869,0.1680327868852459
0.8913043478260869,0.1680327868852459
0.8913043478260869,0.1673469387755102
0.8913043478260869,0.16666666666666666
0.8913043478260869,0.16666666666666666
0.8913043478260869,0.16666666666666666
0.8913043478260869,0.16666666666666666
0.8913043478260869,0.16666666666666666
0.8913043478260869,0.16666666666666666
0.8913043478260869,0.16666666666666666
0.8913043478260869,0.16666666666666666
0.8913043478260869,0.1659919028340081
0.8913043478260869,0.1659919028340081
0.8913043478260869,0.1659919028340081
0.8913043478260869,0.1659919028340081
0.8913043478260869,0.1659919028340081
0.8913043478260869,0.1659919028340081
0.8913043478260869,0.1659919028340081
0.8913043478260869,0.1659919028340081
0.8913043478260869,0.16532258064516128
0.8913043478260869,0.16532258064516128
0.8913043478260869,0.16532258064516128
0.8913043478260869,0.16532258064516128
0.8913043478260869,0.16532258064516128
0.8913043478260869,0.16532258064516128
0.8913043478260869,0.16532258064516128
0.8913043478260869,0.1646586345381526
0.8913043478260869,0.1646586345381526
0.8913043478260869,0.1646586345381526
0.8913043478260869,0.1646586345381526
0.8913043478260869,0.1646586345381526
0.8913043478260869,0.164
0.8913043478260869,0.164
0.8913043478260869,0.164
0.8913043478260869,0.164
0.8913043478260869,0.16334661354581673
0.8913043478260869,0.16334661354581673
0.8913043478260869,0.1626984126984127
0.8913043478260869,0.1626984126984127
0.8913043478260869,0.1626984126984127
0.8913043478260869,0.1626984126984127
0.8913043478260869,0.16205533596837945
0.8913043478260869,0.16205533596837945
0.8913043478260869,0.16205533596837945
0.8913043478260869,0.16205533596837945
0.8913043478260869,0.16205533596837945
0.8913043478260869,0.16141732283464566
0.8913043478260869,0.16141732283464566
0.8913043478260869,0.16141732283464566
0.8913043478260869,0.16141732283464566
0.8913043478260869,0.1607843137254902
0.8913043478260869,0.1607843137254902
0.8913043478260869,0.16015625
0.8913043478260869,0.16015625
0.8913043478260869,0.16015625
0.8913043478260869,0.16015625
0.8913043478260869,0.16015625
0.8913043478260869,0.16015625
0.8913043478260869,0.16015625
0.8913043478260869,0.15953307392996108
0.8913043478260869,0.15953307392996108
0.8913043478260869,0.15953307392996108
0.8913043478260869,0.15953307392996108
0.8913043478260869,0.15891472868217055
0.8913043478260869,0.15891472868217055
0.8913043478260869,0.1583011583011583
0.8913043478260869,0.1583011583011583
0.8913043478260869,0.1583011583011583
0.8913043478260869,0.1583011583011583
0.8913043478260869,0.1576923076923077
0.8913043478260869,0.1576923076923077
0.8913043478260869,0.1576923076923077
0.8913043478260869,0.1576923076923077
0.8913043478260869,0.1576923076923077
0.8913043478260869,0.1576923076923077
0.8913043478260869,0.1576923076923077
0.8913043478260869,0.1576923076923077
0.8913043478260869,0.1576923076923077
0.8913043478260869,0.1576923076923077
0.8913043478260869,0.1576923076923077
0.8913043478260869,0.1576923076923077
0.8913043478260869,0.1576923076923077
0.8913043478260869,0.1576923076923077
0.8913043478260869,0.1576923076923077
0.8913043478260869,0.15708812260536398
0.8913043478260869,0.15648854961832062
0.8913043478260869,0.15648854961832062
0.8913043478260869,0.155893536121673
0.8913043478260869,0.1553030303030303
0.8913043478260869,0.1553030303030303
0.8913043478260869,0.1553030303030303
0.8913043478260869,0.1553030303030303
0.8913043478260869,0.15471698113207547
0.8913043478260869,0.15413533834586465
0.8913043478260869,0.15413533834586465
0.8913043478260869,0.15413533834586465
0.8913043478260869,0.15413533834586465
0.8913043478260869,0.15413533834586465
0.8913043478260869,0.15355805243445692
0.8913043478260869,0.15355805243445692
0.8913043478260869,0.15355805243445692
0.8913043478260869,0.15355805243445692
0.8913043478260869,0.15355805243445692
0.8913043478260869,0.15355805243445692
0.8913043478260869,0.15355805243445692
0.8913043478260869,0.15298507462686567
0.8913043478260869,0.15298507462686567
0.8913043478260869,0.15298507462686567
0.8913043478260869,0.15298507462686567
0.8913043478260869,0.15298507462686567
0.8913043478260869,0.1524163568773234
0.8913043478260869,0.1524163568773234
0.8913043478260869,0.1524163568773234
0.8913043478260869,0.1524163568773234
0.8913043478260869,0.1524163568773234
0.8913043478260869,0.1524163568773234
0.8913043478260869,0.1524163568773234
0.8913043478260869,0.15185185185185185
0.8913043478260869,0.15185185185185185
0.8913043478260869,0.15129151291512916
0.8913043478260869,0.15129151291512916
0.8913043478260869,0.15129151291512916
0.8913043478260869,0.15129151291512916
0.8913043478260869,0.15129151291512916
0.8913043478260869,0.15073529411764705
0.8913043478260869,0.15073529411764705
0.8913043478260869,0.15073529411764705
0.8913043478260869,0.15073529411764705
0.8913043478260869,0.15073529411764705
0.8913043478260869,0.15073529411764705
0.8913043478260869,0.15073529411764705
0.8913043478260869,0.15018315018315018
0.8913043478260869,0.15018315018315018
0.8913043478260869,0.15018315018315018
0.8913043478260869,0.15018315018315018
0.8913043478260869,0.15018315018315018
0.8913043478260869,0.15018315018315018
0.8913043478260869,0.15018315018315018
0.8913043478260869,0.15018315018315018
0.8913043478260869,0.15018315018315018
0.8913043478260869,0.15018315018315018
0.8913043478260869,0.14963503649635038
0.8913043478260869,0.14963503649635038
0.8913043478260869,0.14909090909090908
0.8913043478260869,0.14909090909090908
0.8913043478260869,0.14909090909090908
0.8913043478260869,0.14855072463768115
0.8913043478260869,0.14855072463768115
0.8913043478260869,0.14855072463768115
0.8913043478260869,0.148014440433213
0.8913043478260869,0.148014440433213
0.8913043478260869,0.148014440433213
0.8913043478260869,0.148014440433213
0.8913043478260869,0.1474820143884892
0.8913043478260869,0.1474820143884892
0.8913043478260869,0.14695340501792115
0.8913043478260869,0.14695340501792115
0.8913043478260869,0.14695340501792115
0.8913043478260869,0.14695340501792115
0.8913043478260869,0.14695340501792115
0.8913043478260869,0.14642857142857144
0.8913043478260869,0.14590747330960854
0.8913043478260869,0.1453900709219858
0.8913043478260869,0.1453900709219858
0.8913043478260869,0.1453900709219858
0.8913043478260869,0.1453900709219858
0.8913043478260869,0.1453900709219858
0.8913043478260869,0.1453900709219858
0.8913043478260869,0.1453900709219858
0.8913043478260869,0.1453900709219858
0.8913043478260869,0.1453900709219858
0.8913043478260869,0.1453900709219858
0.8913043478260869,0.1453900709219858
0.8913043478260869,0.1453900709219858
0.8913043478260869,0.1453900709219858
0.8913043478260869,0.1453900709219858
0.8913043478260869,0.1453900709219858
0.8913043478260869,0.1453900709219858
0.8913043478260869,0.14487632508833923
0.8913043478260869,0.1443661971830986
0.8913043478260869,0.1443661971830986
0.8913043478260869,0.1443661971830986
0.8913043478260869,0.1443661971830986
0.8913043478260869,0.1443661971830986
0.8913043478260869,0.14385964912280702
0.8913043478260869,0.14335664335664336
0.8913043478260869,0.14335664335664336
0.8913043478260869,0.14335664335664336
0.8913043478260869,0.14335664335664336
0.8913043478260869,0.14335664335664336
0.8913043478260869,0.14285714285714285
0.8913043478260869,0.14285714285714285
0.8913043478260869,0.14285714285714285
0.8913043478260869,0.14285714285714285
0.8913043478260869,0.14285714285714285
0.8913043478260869,0.14285714285714285
0.8913043478260869,0.14285714285714285
0.8913043478260869,0.14285714285714285
0.8913043478260869,0.14285714285714285
0.8913043478260869,0.14285714285714285
0.8913043478260869,0.14285714285714285
0.8913043478260869,0.14285714285714285
0.8913043478260869,0.14285714285714285
0.8913043478260869,0.14285714285714285
0.8913043478260869,0.14285714285714285
0.8913043478260869,0.14285714285714285
0.8913043478260869,0.1423611111111111
0.8913043478260869,0.1423611111111111
0.8913043478260869,0.1423611111111111
0.8913043478260869,0.1423611111111111
0.8913043478260869,0.1423611111111111
0.8913043478260869,0.1423611111111111
0.8913043478260869,0.1423611111111111
0.8913043478260869,0.1423611111111111
0.8913043478260869,0.1423611111111111
0.8913043478260869,0.1423611111111111
0.8913043478260869,0.1423611111111111
0.8913043478260869,0.1423611111111111
0.8913043478260869,0.1423611111111111
0.8913043478260869,0.1423611111111111
0.8913043478260869,0.1423611111111111
0.8913043478260869,0.1423611111111111
0.8913043478260869,0.14186851211072665
0.8913043478260869,0.14186851211072665
0.8913043478260869,0.14186851211072665
0.8913043478260869,0.14186851211072665
0.8913043478260869,0.14186851211072665
0.8913043478260869,0.1413793103448276
0.8913043478260869,0.1413793103448276
0.8913043478260869,0.1413793103448276
0.8913043478260869,0.1413793103448276
0.8913043478260869,0.1413793103448276
0.8913043478260869,0.1413793103448276
0.8913043478260869,0.1413793103448276
0.8913043478260869,0.1413793103448276
0.8913043478260869,0.1413793103448276
0.8913043478260869,0.1413793103448276
0.8913043478260869,0.1413793103448276
0.8913043478260869,0.1413793103448276
0.8913043478260869,0.140893470790378
0.8913043478260869,0.140893470790378
0.8913043478260869,0.140893470790378
0.8913043478260869,0.140893470790378
0.8913043478260869,0.1404109589041096
0.8913043478260869,0.13993174061433447
0.8913043478260869,0.13993174061433447
0.8913043478260869,0.13993174061433447
0.8913043478260869,0.13993174061433447
0.8913043478260869,0.13945578231292516
0.8913043478260869,0.13945578231292516
0.8913043478260869,0.13945578231292516
0.8913043478260869,0.13898305084745763
0.8913043478260869,0.13851351351351351
0.8913043478260869,0.13851351351351351
0.8913043478260869,0.13851351351351351
0.8913043478260869,0.13804713804713806
0.8913043478260869,0.13804713804713806
0.8913043478260869,0.13804713804713806
0.8913043478260869,0.13804713804713806
0.8913043478260869,0.13804713804713806
0.8913043478260869,0.13804713804713806
0.8913043478260869,0.13804713804713806
0.8913043478260869,0.13804713804713806
0.8913043478260869,0.13804713804713806
0.8913043478260869,0.13804713804713806
0.8913043478260869,0.13804713804713806
0.8913043478260869,0.13804713804713806
0.8913043478260869,0.13804713804713806
0.8913043478260869,0.13804713804713806
0.8913043478260869,0.13804713804713806
0.8913043478260869,0.13804713804713806
0.8913043478260869,0.13758389261744966
0.8913043478260869,0.13712374581939799
0.8913043478260869,0.13712374581939799
0.8913043478260869,0.13712374581939799
0.8913043478260869,0.13712374581939799
0.8913043478260869,0.13666666666666666
0.8913043478260869,0.13666666666666666
0.8913043478260869,0.1362126245847176
0.8913043478260869,0.1362126245847176
0.8913043478260869,0.1357615894039735
0.8913043478260869,0.1357615894039735
0.8913043478260869,0.1357615894039735
0.8913043478260869,0.1357615894039735
0.8913043478260869,0.1357615894039735
0.8913043478260869,0.1357615894039735
0.8913043478260869,0.1357615894039735
0.8913043478260869,0.1357615894039735
0.8913043478260869,0.1357615894039735
0.8913043478260869,0.1357615894039735
0.8913043478260869,0.1357615894039735
0.8913043478260869,0.1353135313531353
0.8913043478260869,0.1353135313531353
0.8913043478260869,0.1353135313531353
0.8913043478260869,0.1353135313531353
0.8913043478260869,0.1353135313531353
0.8913043478260869,0.1353135313531353
0.8913043478260869,0.1353135313531353
0.8913043478260869,0.13486842105263158
0.8913043478260869,0.13486842105263158
0.8913043478260869,0.13486842105263158
0.8913043478260869,0.13486842105263158
0.8913043478260869,0.13442622950819672
0.8913043478260869,0.13442622950819672
0.8913043478260869,0.13398692810457516
0.8913043478260869,0.13398692810457516
0.8913043478260869,0.13398692810457516
0.8913043478260869,0.13398692810457516
0.8913043478260869,0.13398692810457516
0.8913043478260869,0.13398692810457516
0.8913043478260869,0.13398692810457516
0.8913043478260869,0.13398692810457516
0.8913043478260869,0.13398692810457516
0.8913043478260869,0.13398692810457516
0.8913043478260869,0.13355048859934854
0.8913043478260869,0.13355048859934854
0.8913043478260869,0.13355048859934854
0.8913043478260869,0.13355048859934854
0.8913043478260869,0.1331168831168831
0.8913043478260869,0.1331168831168831
0.8913043478260869,0.13268608414239483
0.8913043478260869,0.13268608414239483
0.8913043478260869,0.13268608414239483
0.8913043478260869,0.13225806451612904
0.8913043478260869,0.13225806451612904
0.8913043478260869,0.13183279742765272
0.8913043478260869,0.13141025641025642
0.8913043478260869,0.13141025641025642
0.8913043478260869,0.13099041533546327
0.8913043478260869,0.1305732484076433
0.8913043478260869,0.13015873015873017
0.8913043478260869,0.13015873015873017
0.8913043478260869,0.13015873015873017
0.8913043478260869,0.13015873015873017
0.8913043478260869,0.13015873015873017
0.8913043478260869,0.13015873015873017
0.8913043478260869,0.12974683544303797
0.8913043478260869,0.12974683544303797
0.8913043478260869,0.12974683544303797
0.8913043478260869,0.12974683544303797
0.8913043478260869,0.12933753943217666
0.8913043478260869,0.1289308176100629
0.8913043478260869,0.1289308176100629
0.8913043478260869,0.12852664576802508
0.8913043478260869,0.12852664576802508
0.8913043478260869,0.12852664576802508
0.8913043478260869,0.12852664576802508
0.8913043478260869,0.12852664576802508
0.8913043478260869,0.12852664576802508
0.8913043478260869,0.128125
0.8913043478260869,0.128125
0.8913043478260869,0.1277258566978193
0.8913043478260869,0.1277258566978193
0.8913043478260869,0.1277258566978193
0.8913043478260869,0.1277258566978193
0.8913043478260869,0.1277258566978193
0.8913043478260869,0.1277258566978193
0.8913043478260869,0.1277258566978193
0.8913043478260869,0.1277258566978193
0.8913043478260869,0.1277258566978193
0.8913043478260869,0.1277258566978193
0.8913043478260869,0.1277258566978193
0.8913043478260869,0.1277258566978193
0.8913043478260869,0.1277258566978193
0.8913043478260869,0.1277258566978193
0.8913043478260869,0.1277258566978193
0.8913043478260869,0.1277258566978193
0.8913043478260869,0.1277258566978193
0.8913043478260869,0.1277258566978193
0.8913043478260869,0.12732919254658384
0.8913043478260869,0.12732919254658384
0.8913043478260869,0.12732919254658384
0.8913043478260869,0.12693498452012383
0.8913043478260869,0.12693498452012383
0.8913043478260869,0.12693498452012383
0.8913043478260869,0.12693498452012383
0.8913043478260869,0.12693498452012383
0.8913043478260869,0.12654320987654322
0.8913043478260869,0.12654320987654322
0.8913043478260869,0.12654320987654322
0.8913043478260869,0.12654320987654322
0.8913043478260869,0.12654320987654322
0.8913043478260869,0.12654320987654322
0.8913043478260869,0.12615384615384614
0.8913043478260869,0.12615384615384614
0.8913043478260869,0.12576687116564417
0.8913043478260869,0.12576687116564417
0.8913043478260869,0.12576687116564417
0.8913043478260869,0.12576687116564417
0.8913043478260869,0.12576687116564417
0.8913043478260869,0.12576687116564417
0.8913043478260869,0.12576687116564417
0.8913043478260869,0.12538226299694188
0.8913043478260869,0.12538226299694188
0.8913043478260869,0.12538226299694188
0.8913043478260869,0.125
0.8913043478260869,0.125
0.8913043478260869,0.125
0.8913043478260869,0.125
0.8913043478260869,0.125
0.8913043478260869,0.125
0.8913043478260869,0.125
0.8913043478260869,0.125
0.8913043478260869,0.125
0.8913043478260869,0.125
0.8913043478260869,0.125
0.8913043478260869,0.12462006079027356
0.8913043478260869,0.12424242424242424
0.8913043478260869,0.12424242424242424
0.8913043478260869,0.12424242424242424
0.8913043478260869,0.12424242424242424
0.8913043478260869,0.12386706948640483
0.8913043478260869,0.12349397590361445
0.8913043478260869,0.12349397590361445
0.8913043478260869,0.12349397590361445
0.8913043478260869,0.12349397590361445
0.8913043478260869,0.12312312312312312
0.8913043478260869,0.12312312312312312
0.8913043478260869,0.12312312312312312
0.8913043478260869,0.12312312312312312
0.8913043478260869,0.12312312312312312
0.8913043478260869,0.12312312312312312
0.8913043478260869,0.12312312312312312
0.8913043478260869,0.12275449101796407
0.8913043478260869,0.12238805970149254
0.8913043478260869,0.12238805970149254
0.8913043478260869,0.12238805970149254
0.8913043478260869,0.12238805970149254
0.8913043478260869,0.12238805970149254
0.8913043478260869,0.12238805970149254
0.8913043478260869,0.12238805970149254
0.8913043478260869,0.12238805970149254
0.8913043478260869,0.12238805970149254
0.8913043478260869,0.12238805970149254
0.8913043478260869,0.12238805970149254
0.8913043478260869,0.12202380952380952
0.8913043478260869,0.12166172106824925
0.8913043478260869,0.12166172106824925
0.8913043478260869,0.12166172106824925
0.8913043478260869,0.12166172106824925
0.8913043478260869,0.12166172106824925
0.8913043478260869,0.12166172106824925
0.8913043478260869,0.12166172106824925
0.8913043478260869,0.12166172106824925
0.8913043478260869,0.12130177514792899
0.8913043478260869,0.12130177514792899
0.8913043478260869,0.12130177514792899
0.8913043478260869,0.12130177514792899
0.8913043478260869,0.12094395280235988
0.8913043478260869,0.12094395280235988
0.8913043478260869,0.12094395280235988
0.8913043478260869,0.12094395280235988
0.8913043478260869,0.12058823529411765
0.8913043478260869,0.12058823529411765
0.8913043478260869,0.12058823529411765
0.8913043478260869,0.12058823529411765
