0.0,1.0
0.0,1.0
0.0,1.0
0.0,1.0
0.0,1.0
0.0,0.0
0.0,0.0
0.0,0.0
0.0,0.0
0.0,0.0
0.0,0.0
0.0,0.0
0.01098901098901099,0.3333333333333333
0.02197802197802198,0.5
0.02197802197802198,0.5
0.03296703296703297,0.6
0.03296703296703297,0.6
0.03296703296703297,0.6
0.03296703296703297,0.6
0.03296703296703297,0.6
0.03296703296703297,0.6
0.03296703296703297,0.6
0.04395604395604396,0.6666666666666666
0.04395604395604396,0.6666666666666666
0.04395604395604396,0.6666666666666666
0.04395604395604396,0.6666666666666666
0.04395604395604396,0.6666666666666666
0.04395604395604396,0.6666666666666666
0.04395604395604396,0.6666666666666666
0.04395604395604396,0.6666666666666666
0.054945054945054944,0.7142857142857143
0.054945054945054944,0.7142857142857143
0.06593406593406594,0.75
0.06593406593406594,0.75
0.06593406593406594,0.75
0.06593406593406594,0.75
0.06593406593406594,0.75
0.07692307692307693,0.7777777777777778
0.08791208791208792,0.8
0.08791208791208792,0.8
0.08791208791208792,0.7272727272727273
0.08791208791208792,0.7272727272727273
0.08791208791208792,0.7272727272727273
0.08791208791208792,0.6666666666666666
0.0989010989010989,0.6923076923076923
0.0989010989010989,0.6923076923076923
0.0989010989010989,0.6923076923076923
0.0989010989010989,0.6923076923076923
0.0989010989010989,0.6923076923076923
0.0989010989010989,0.6428571428571429
0.0989010989010989,0.6428571428571429
0.0989010989010989,0.6428571428571429
0.0989010989010989,0.6428571428571429
0.0989010989010989,0.6428571428571429
0.0989010989010989,0.6
0.0989010989010989,0.6
0.0989010989010989,0.6
0.0989010989010989,0.6
0.0989010989010989,0.6
0.0989010989010989,0.6
0.0989010989010989,0.6
0.0989010989010989,0.6
0.0989010989010989,0.6
0.0989010989010989,0.6
0.0989010989010989,0.6
0.0989010989010989,0.6
0.10989010989010989,0.625
0.10989010989010989,0.625
0.10989010989010989,0.625
0.10989010989010989,0.5882352941176471
0.10989010989010989,0.5882352941176471
0.10989010989010989,0.5882352941176471
0.10989010989010989,0.5882352941176471
0.10989010989010989,0.5882352941176471
0.10989010989010989,0.5555555555555556
0.10989010989010989,0.5555555555555556
0.10989010989010989,0.5555555555555556
0.10989010989010989,0.5555555555555556
0.10989010989010989,0.5555555555555556
0.10989010989010989,0.5555555555555556
0.10989010989010989,0.5555555555555556
0.12087912087912088,0.5789473684210527
0.13186813186813187,0.6
0.13186813186813187,0.6
0.13186813186813187,0.6
0.13186813186813187,0.6
0.13186813186813187,0.5714285714285714
0.13186813186813187,0.5454545454545454
0.13186813186813187,0.5454545454545454
0.13186813186813187,0.5454545454545454
0.13186813186813187,0.5217391304347826
0.13186813186813187,0.5217391304347826
0.13186813186813187,0.5
0.13186813186813187,0.5
0.13186813186813187,0.48
0.13186813186813187,0.46153846153846156
0.13186813186813187,0.46153846153846156
0.13186813186813187,0.46153846153846156
0.14285714285714285,0.48148148148148145
0.14285714285714285,0.48148148148148145
0.14285714285714285,0.48148148148148145
0.14285714285714285,0.48148148148148145
0.14285714285714285,0.48148148148148145
0.14285714285714285,0.48148148148148145
0.14285714285714285,0.48148148148148145
0.14285714285714285,0.48148148148148145
0.14285714285714285,0.4642857142857143
0.14285714285714285,0.4642857142857143
0.15384615384615385,0.4827586206896552
0.15384615384615385,0.4827586206896552
0.15384615384615385,0.4827586206896552
0.15384615384615385,0.4827586206896552
0.15384615384615385,0.4827586206896552
0.15384615384615385,0.4827586206896552
0.15384615384615385,0.4827586206896552
0.15384615384615385,0.4827586206896552
0.15384615384615385,0.4827586206896552
0.15384615384615385,0.4827586206896552
0.15384615384615385,0.4827586206896552
0.15384615384615385,0.4827586206896552
0.15384615384615385,0.4827586206896552
0.15384615384615385,0.4827586206896552
0.15384615384615385,0.4827586206896552
0.15384615384615385,0.4827586206896552
0.15384615384615385,0.4827586206896552
0.15384615384615385,0.4827586206896552
0.16483516483516483,0.5
0.16483516483516483,0.5
0.16483516483516483,0.5
0.16483516483516483,0.4838709677419355
0.17582417582417584,0.5
0.17582417582417584,0.5
0.18681318681318682,0.5151515151515151
0.18681318681318682,0.5151515151515151
0.18681318681318682,0.5151515151515151
0.18681318681318682,0.5151515151515151
0.18681318681318682,0.5151515151515151
0.1978021978021978,0.5294117647058824
0.1978021978021978,0.5294117647058824
0.1978021978021978,0.5294117647058824
0.1978021978021978,0.5294117647058824
0.1978021978021978,0.5294117647058824
0.1978021978021978,0.5294117647058824
0.2087912087912088,0.5428571428571428
0.2087912087912088,0.5428571428571428
0.2087912087912088,0.5277777777777778
0.2087912087912088,0.5277777777777778
0.2087912087912088,0.5277777777777778
0.2087912087912088,0.5135135135135135
0.2087912087912088,0.5135135135135135
0.2087912087912088,0.5135135135135135
0.2087912087912088,0.5135135135135135
0.2087912087912088,0.5135135135135135
0.2087912087912088,0.5135135135135135
0.2087912087912088,0.5
0.21978021978021978,0.5128205128205128
0.21978021978021978,0.5128205128205128
0.21978021978021978,0.5128205128205128
0.21978021978021978,0.5128205128205128
0.21978021978021978,0.5128205128205128
0.21978021978021978,0.5128205128205128
0.23076923076923078,0.525
0.23076923076923078,0.525
0.23076923076923078,0.525
0.24175824175824176,0.5365853658536586
0.24175824175824176,0.5365853658536586
0.24175824175824176,0.5365853658536586
0.24175824175824176,0.5365853658536586
0.24175824175824176,0.5365853658536586
0.24175824175824176,0.5365853658536586
0.24175824175824176,0.5365853658536586
0.24175824175824176,0.5365853658536586
0.24175824175824176,0.5365853658536586
0.24175824175824176,0.5365853658536586
0.24175824175824176,0.5238095238095238
0.24175824175824176,0.5238095238095238
0.24175824175824176,0.5238095238095238
0.24175824175824176,0.5238095238095238
0.24175824175824176,0.5116279069767442
0.24175824175824176,0.5116279069767442
0.24175824175824176,0.5116279069767442
0.25274725274725274,0.5227272727272727
0.25274725274725274,0.5227272727272727
0.25274725274725274,0.5227272727272727
0.25274725274725274,0.5227272727272727
0.26373626373626374,0.5333333333333333
0.26373626373626374,0.5333333333333333
0.26373626373626374,0.5333333333333333
0.26373626373626374,0.5333333333333333
0.26373626373626374,0.5333333333333333
0.26373626373626374,0.5333333333333333
0.26373626373626374,0.5217391304347826
0.26373626373626374,0.5217391304347826
0.26373626373626374,0.5217391304347826
0.26373626373626374,0.5217391304347826
0.26373626373626374,0.5106382978723404
0.26373626373626374,0.5106382978723404
0.26373626373626374,0.5
0.26373626373626374,0.5
0.26373626373626374,0.5
0.26373626373626374,0.5
0.26373626373626374,0.4897959183673469
0.26373626373626374,0.4897959183673469
0.26373626373626374,0.48
0.27472527472527475,0.49019607843137253
0.27472527472527475,0.49019607843137253
0.27472527472527475,0.49019607843137253
0.27472527472527475,0.4807692307692308
0.27472527472527475,0.4807692307692308
0.27472527472527475,0.4807692307692308
0.27472527472527475,0.4807692307692308
0.2857142857142857,0.49056603773584906
0.2857142857142857,0.49056603773584906
0.2857142857142857,0.49056603773584906
0.2857142857142857,0.49056603773584906
0.2857142857142857,0.49056603773584906
0.2857142857142857,0.49056603773584906
0.2857142857142857,0.48148148148148145
0.2857142857142857,0.4727272727272727
0.2857142857142857,0.4727272727272727
0.2857142857142857,0.4727272727272727
0.2857142857142857,0.4642857142857143
0.2857142857142857,0.45614035087719296
0.2857142857142857,0.45614035087719296
0.2857142857142857,0.45614035087719296
0.2857142857142857,0.45614035087719296
0.2857142857142857,0.45614035087719296
0.2857142857142857,0.45614035087719296
0.2857142857142857,0.45614035087719296
0.2857142857142857,0.4482758620689655
0.2857142857142857,0.4482758620689655
0.2857142857142857,0.4482758620689655
0.2857142857142857,0.4482758620689655
0.2857142857142857,0.4482758620689655
0.2857142857142857,0.4482758620689655
0.2857142857142857,0.4482758620689655
0.2857142857142857,0.4482758620689655
0.2857142857142857,0.4406779661016949
0.2857142857142857,0.4406779661016949
0.2857142857142857,0.4406779661016949
0.2857142857142857,0.43333333333333335
0.2857142857142857,0.43333333333333335
0.2967032967032967,0.4426229508196721
0.2967032967032967,0.4426229508196721
0.2967032967032967,0.4426229508196721
0.2967032967032967,0.4426229508196721
0.2967032967032967,0.4426229508196721
0.2967032967032967,0.43548387096774194
0.2967032967032967,0.42857142857142855
0.2967032967032967,0.42857142857142855
0.2967032967032967,0.42857142857142855
0.2967032967032967,0.42857142857142855
0.2967032967032967,0.421875
0.2967032967032967,0.421875
0.3076923076923077,0.4307692307692308
0.3076923076923077,0.4307692307692308
0.3076923076923077,0.42424242424242425
0.3076923076923077,0.42424242424242425
0.31868131868131866,0.43283582089552236
0.31868131868131866,0.43283582089552236
0.31868131868131866,0.43283582089552236
0.31868131868131866,0.43283582089552236
0.31868131868131866,0.43283582089552236
0.32967032967032966,0.4411764705882353
0.32967032967032966,0.4411764705882353
0.34065934065934067,0.4492753623188406
0.34065934065934067,0.44285714285714284
0.3516483516483517,0.4507042253521127
0.3516483516483517,0.4507042253521127
0.3516483516483517,0.4507042253521127
0.3516483516483517,0.4444444444444444
0.3516483516483517,0.4444444444444444
0.3516483516483517,0.4444444444444444
0.3626373626373626,0.4520547945205479
0.3626373626373626,0.4520547945205479
0.3626373626373626,0.4520547945205479
0.3626373626373626,0.4520547945205479
0.3626373626373626,0.4520547945205479
0.3626373626373626,0.4520547945205479
0.3626373626373626,0.4520547945205479
0.3626373626373626,0.4520547945205479
0.3626373626373626,0.4520547945205479
0.3626373626373626,0.4520547945205479
0.3626373626373626,0.4520547945205479
0.3626373626373626,0.4520547945205479
0.3626373626373626,0.44594594594594594
0.3626373626373626,0.44594594594594594
0.3626373626373626,0.44594594594594594
0.3626373626373626,0.44594594594594594
0.3626373626373626,0.44594594594594594
0.37362637362637363,0.4533333333333333
0.37362637362637363,0.4533333333333333
0.37362637362637363,0.4533333333333333
0.37362637362637363,0.4533333333333333
0.37362637362637363,0.4533333333333333
0.37362637362637363,0.4473684210526316
0.37362637362637363,0.4473684210526316
0.37362637362637363,0.4473684210526316
0.37362637362637363,0.4473684210526316
0.37362637362637363,0.4473684210526316
0.37362637362637363,0.4473684210526316
0.37362637362637363,0.4473684210526316
0.38461538461538464,0.45454545454545453
0.38461538461538464,0.45454545454545453
0.38461538461538464,0.45454545454545453
0.38461538461538464,0.45454545454545453
0.3956043956043956,0.46153846153846156
0.3956043956043956,0.46153846153846156
0.3956043956043956,0.46153846153846156
0.3956043956043956,0.45569620253164556
0.4065934065934066,0.4625
0.4065934065934066,0.4625
0.4065934065934066,0.4567901234567901
0.4065934065934066,0.4567901234567901
0.4065934065934066,0.4567901234567901
0.4065934065934066,0.4567901234567901
0.4065934065934066,0.45121951219512196
0.4065934065934066,0.4457831325301205
0.4065934065934066,0.4457831325301205
0.4065934065934066,0.4457831325301205
0.4065934065934066,0.4457831325301205
0.4175824175824176,0.4523809523809524
0.4175824175824176,0.4523809523809524
0.4175824175824176,0.4523809523809524
0.4175824175824176,0.4523809523809524
0.4175824175824176,0.4470588235294118
0.42857142857142855,0.45348837209302323
0.42857142857142855,0.45348837209302323
0.42857142857142855,0.45348837209302323
0.42857142857142855,0.45348837209302323
0.42857142857142855,0.45348837209302323
0.42857142857142855,0.45348837209302323
0.42857142857142855,0.45348837209302323
0.42857142857142855,0.45348837209302323
0.42857142857142855,0.45348837209302323
0.42857142857142855,0.45348837209302323
0.42857142857142855,0.45348837209302323
0.42857142857142855,0.45348837209302323
0.42857142857142855,0.45348837209302323
0.42857142857142855,0.45348837209302323
0.42857142857142855,0.45348837209302323
0.42857142857142855,0.45348837209302323
0.42857142857142855,0.45348837209302323
0.43956043956043955,0.45977011494252873
0.43956043956043955,0.45977011494252873
0.43956043956043955,0.45977011494252873
0.43956043956043955,0.45977011494252873
0.43956043956043955,0.45977011494252873
0.43956043956043955,0.45977011494252873
0.43956043956043955,0.45977011494252873
0.43956043956043955,0.45454545454545453
0.43956043956043955,0.45454545454545453
0.43956043956043955,0.45454545454545453
0.43956043956043955,0.45454545454545453
0.43956043956043955,0.449438202247191
0.43956043956043955,0.449438202247191
0.43956043956043955,0.449438202247191
0.43956043956043955,0.449438202247191
0.43956043956043955,0.449438202247191
0.45054945054945056,0.45555555555555555
0.45054945054945056,0.45555555555555555
0.45054945054945056,0.45555555555555555
0.45054945054945056,0.45555555555555555
0.45054945054945056,0.45054945054945056
0.45054945054945056,0.45054945054945056
0.45054945054945056,0.45054945054945056
0.45054945054945056,0.45054945054945056
0.45054945054945056,0.45054945054945056
0.45054945054945056,0.45054945054945056
0.45054945054945056,0.45054945054945056
0.45054945054945056,0.44565217391304346
0.45054945054945056,0.44565217391304346
0.45054945054945056,0.44565217391304346
0.45054945054945056,0.44565217391304346
0.45054945054945056,0.44565217391304346
0.45054945054945056,0.44565217391304346
0.45054945054945056,0.44565217391304346
0.45054945054945056,0.44086021505376344
0.45054945054945056,0.43617021276595747
0.45054945054945056,0.43617021276595747
0.45054945054945056,0.43617021276595747
0.45054945054945056,0.43617021276595747
0.45054945054945056,0.43617021276595747
0.45054945054945056,0.43617021276595747
0.45054945054945056,0.43617021276595747
0.45054945054945056,0.43617021276595747
0.45054945054945056,0.43617021276595747
0.45054945054945056,0.43157894736842106
0.45054945054945056,0.43157894736842106
0.45054945054945056,0.43157894736842106
0.45054945054945056,0.43157894736842106
0.45054945054945056,0.43157894736842106
0.45054945054945056,0.43157894736842106
0.45054945054945056,0.43157894736842106
0.45054945054945056,0.43157894736842106
0.45054945054945056,0.43157894736842106
0.45054945054945056,0.43157894736842106
0.45054945054945056,0.4270833333333333
0.45054945054945056,0.4270833333333333
0.45054945054945056,0.4270833333333333
0.45054945054945056,0.422680412371134
0.45054945054945056,0.422680412371134
0.45054945054945056,0.422680412371134
0.45054945054945056,0.422680412371134
0.45054945054945056,0.422680412371134
0.45054945054945056,0.41836734693877553
0.45054945054945056,0.41836734693877553
0.45054945054945056,0.41836734693877553
0.45054945054945056,0.41836734693877553
0.45054945054945056,0.41836734693877553
0.45054945054945056,0.41414141414141414
0.45054945054945056,0.41414141414141414
0.45054945054945056,0.41
0.45054945054945056,0.41
0.45054945054945056,0.40594059405940597
0.45054945054945056,0.40594059405940597
0.45054945054945056,0.4019607843137255
0.45054945054945056,0.39805825242718446
0.45054945054945056,0.39805825242718446
0.45054945054945056,0.39805825242718446
0.45054945054945056,0.39805825242718446
0.45054945054945056,0.39805825242718446
0.45054945054945056,0.39805825242718446
0.45054945054945056,0.39805825242718446
0.45054945054945056,0.39805825242718446
0.45054945054945056,0.39805825242718446
0.45054945054945056,0.39805825242718446
0.45054945054945056,0.39805825242718446
0.45054945054945056,0.39805825242718446
0.45054945054945056,0.39805825242718446
0.45054945054945056,0.39805825242718446
0.45054945054945056,0.39805825242718446
0.45054945054945056,0.39805825242718446
0.45054945054945056,0.39805825242718446
0.45054945054945056,0.39805825242718446
0.45054945054945056,0.39805825242718446
0.45054945054945056,0.39805825242718446
0.45054945054945056,0.39805825242718446
0.45054945054945056,0.39805825242718446
0.45054945054945056,0.39805825242718446
0.45054945054945056,0.39805825242718446
0.45054945054945056,0.39805825242718446
0.45054945054945056,0.39805825242718446
0.45054945054945056,0.39805825242718446
0.45054945054945056,0.39805825242718446
0.45054945054945056,0.39805825242718446
0.45054945054945056,0.39805825242718446
0.45054945054945056,0.3942307692307692
0.45054945054945056,0.3904761904761905
0.45054945054945056,0.3904761904761905
0.46153846153846156,0.39622641509433965
0.46153846153846156,0.39622641509433965
0.46153846153846156,0.39622641509433965
0.46153846153846156,0.39622641509433965
0.46153846153846156,0.39622641509433965
0.46153846153846156,0.39622641509433965
0.46153846153846156,0.39622641509433965
0.46153846153846156,0.39622641509433965
0.46153846153846156,0.39622641509433965
0.46153846153846156,0.39622641509433965
0.46153846153846156,0.39622641509433965
0.46153846153846156,0.39622641509433965
0.46153846153846156,0.3925233644859813
0.46153846153846156,0.3925233644859813
0.46153846153846156,0.3925233644859813
0.46153846153846156,0.3888888888888889
0.46153846153846156,0.3888888888888889
0.46153846153846156,0.3888888888888889
0.46153846153846156,0.3888888888888889
0.46153846153846156,0.3888888888888889
0.46153846153846156,0.3888888888888889
0.46153846153846156,0.3888888888888889
0.46153846153846156,0.3853211009174312
0.46153846153846156,0.3853211009174312
0.46153846153846156,0.38181818181818183
0.46153846153846156,0.38181818181818183
0.46153846153846156,0.38181818181818183
0.46153846153846156,0.3783783783783784
0.46153846153846156,0.3783783783783784
0.46153846153846156,0.3783783783783784
0.46153846153846156,0.3783783783783784
0.46153846153846156,0.3783783783783784
0.46153846153846156,0.3783783783783784
0.46153846153846156,0.3783783783783784
0.46153846153846156,0.375
0.46153846153846156,0.37168141592920356
0.46153846153846156,0.37168141592920356
0.46153846153846156,0.37168141592920356
0.4725274725274725,0.37719298245614036
0.4725274725274725,0.37719298245614036
0.4725274725274725,0.37719298245614036
0.4725274725274725,0.37719298245614036
0.4725274725274725,0.37719298245614036
0.4725274725274725,0.3739130434782609
0.4725274725274725,0.3739130434782609
0.4835164835164835,0.3793103448275862
0.4835164835164835,0.3793103448275862
0.4835164835164835,0.3793103448275862
0.4835164835164835,0.3793103448275862
0.4835164835164835,0.3793103448275862
0.4835164835164835,0.37606837606837606
0.4835164835164835,0.3728813559322034
0.4835164835164835,0.3728813559322034
0.4835164835164835,0.3728813559322034
0.4835164835164835,0.3728813559322034
0.4835164835164835,0.3728813559322034
0.4835164835164835,0.3728813559322034
0.4835164835164835,0.3728813559322034
0.4835164835164835,0.3728813559322034
0.4835164835164835,0.3728813559322034
0.4835164835164835,0.3697478991596639
0.4835164835164835,0.3697478991596639
0.4835164835164835,0.3697478991596639
0.4835164835164835,0.3697478991596639
0.4835164835164835,0.3697478991596639
0.4835164835164835,0.3697478991596639
0.4835164835164835,0.3697478991596639
0.4835164835164835,0.36666666666666664
0.4835164835164835,0.36666666666666664
0.4835164835164835,0.36363636363636365
0.4835164835164835,0.36363636363636365
0.4835164835164835,0.36363636363636365
0.4835164835164835,0.36363636363636365
0.4835164835164835,0.36065573770491804
0.4835164835164835,0.36065573770491804
0.4835164835164835,0.36065573770491804
0.4835164835164835,0.35772357723577236
0.4835164835164835,0.35772357723577236
0.4835164835164835,0.35772357723577236
0.4835164835164835,0.35772357723577236
0.4835164835164835,0.35772357723577236
0.4835164835164835,0.3548387096774194
0.4945054945054945,0.36
0.4945054945054945,0.36
0.4945054945054945,0.36
0.4945054945054945,0.35714285714285715
0.4945054945054945,0.3543307086614173
0.4945054945054945,0.3543307086614173
0.4945054945054945,0.3543307086614173
0.4945054945054945,0.3543307086614173
0.4945054945054945,0.3543307086614173
0.4945054945054945,0.3515625
0.4945054945054945,0.3488372093023256
0.5054945054945055,0.35384615384615387
0.5054945054945055,0.35384615384615387
0.5054945054945055,0.3511450381679389
0.5054945054945055,0.3511450381679389
0.5054945054945055,0.3511450381679389
0.5054945054945055,0.3484848484848485
0.5164835164835165,0.3533834586466165
0.5164835164835165,0.3533834586466165
0.5164835164835165,0.35074626865671643
0.5164835164835165,0.35074626865671643
0.5164835164835165,0.35074626865671643
0.5164835164835165,0.35074626865671643
0.5164835164835165,0.35074626865671643
0.5164835164835165,0.35074626865671643
0.5164835164835165,0.34814814814814815
0.5164835164835165,0.34558823529411764
0.5164835164835165,0.34558823529411764
0.5164835164835165,0.34306569343065696
0.5164835164835165,0.34306569343065696
0.5164835164835165,0.34306569343065696
0.5164835164835165,0.34306569343065696
0.5164835164835165,0.34306569343065696
0.5164835164835165,0.34306569343065696
0.5164835164835165,0.34057971014492755
0.5164835164835165,0.3381294964028777
0.5164835164835165,0.3357142857142857
0.5164835164835165,0.3333333333333333
0.5164835164835165,0.3333333333333333
0.5164835164835165,0.33098591549295775
0.5164835164835165,0.33098591549295775
0.5164835164835165,0.33098591549295775
0.5164835164835165,0.32867132867132864
0.5164835164835165,0.32867132867132864
0.5164835164835165,0.32867132867132864
0.5164835164835165,0.3263888888888889
0.5164835164835165,0.32413793103448274
0.5164835164835165,0.3219178082191781
0.5164835164835165,0.3219178082191781
0.5164835164835165,0.3219178082191781
0.5164835164835165,0.3219178082191781
0.5164835164835165,0.3219178082191781
0.5164835164835165,0.3219178082191781
0.5164835164835165,0.3197278911564626
0.5164835164835165,0.31756756756756754
0.5164835164835165,0.31543624161073824
0.5164835164835165,0.31543624161073824
0.5164835164835165,0.31543624161073824
0.5164835164835165,0.31543624161073824
0.5164835164835165,0.31333333333333335
0.5164835164835165,0.31333333333333335
0.5164835164835165,0.31333333333333335
0.5164835164835165,0.31333333333333335
0.5164835164835165,0.31333333333333335
0.5164835164835165,0.31333333333333335
0.5164835164835165,0.31333333333333335
0.5164835164835165,0.31125827814569534
0.5164835164835165,0.3092105263157895
0.5164835164835165,0.3092105263157895
0.5164835164835165,0.3092105263157895
0.5164835164835165,0.3092105263157895
0.5164835164835165,0.3092105263157895
0.5164835164835165,0.3092105263157895
0.5164835164835165,0.3092105263157895
0.5164835164835165,0.30718954248366015
0.5164835164835165,0.30718954248366015
0.5164835164835165,0.3051948051948052
0.5164835164835165,0.3032258064516129
0.5164835164835165,0.3032258064516129
0.5164835164835165,0.30128205128205127
0.5164835164835165,0.30128205128205127
0.5164835164835165,0.30128205128205127
0.5164835164835165,0.30128205128205127
0.5164835164835165,0.30128205128205127
0.5164835164835165,0.30128205128205127
0.5164835164835165,0.30128205128205127
0.5164835164835165,0.29936305732484075
0.5164835164835165,0.2974683544303797
0.5164835164835165,0.2974683544303797
0.5164835164835165,0.2974683544303797
0.5164835164835165,0.2974683544303797
0.5164835164835165,0.2974683544303797
0.5164835164835165,0.2974683544303797
0.5164835164835165,0.2974683544303797
0.5164835164835165,0.2974683544303797
0.5164835164835165,0.29559748427672955
0.5164835164835165,0.29559748427672955
0.5164835164835165,0.29559748427672955
0.5164835164835165,0.29559748427672955
0.5164835164835165,0.29559748427672955
0.5164835164835165,0.29559748427672955
0.5164835164835165,0.29559748427672955
0.5164835164835165,0.29559748427672955
0.5164835164835165,0.29559748427672955
0.5164835164835165,0.29559748427672955
0.5164835164835165,0.29559748427672955
0.5164835164835165,0.29559748427672955
0.5164835164835165,0.29559748427672955
0.5164835164835165,0.29559748427672955
0.5164835164835165,0.29559748427672955
0.5164835164835165,0.29559748427672955
0.5164835164835165,0.29559748427672955
0.5164835164835165,0.29559748427672955
0.5164835164835165,0.29559748427672955
0.5164835164835165,0.29559748427672955
0.5164835164835165,0.29559748427672955
0.5164835164835165,0.29559748427672955
0.5164835164835165,0.29375
0.5164835164835165,0.29375
0.5164835164835165,0.29375
0.5164835164835165,0.29375
0.5164835164835165,0.2919254658385093
0.5164835164835165,0.2919254658385093
0.5274725274725275,0.2962962962962963
0.5274725274725275,0.2962962962962963
0.5274725274725275,0.294478527607362
0.5274725274725275,0.294478527607362
0.5274725274725275,0.294478527607362
0.5384615384615384,0.29878048780487804
0.5384615384615384,0.29878048780487804
0.5384615384615384,0.29878048780487804
0.5384615384615384,0.29878048780487804
0.5384615384615384,0.296969696969697
0.5384615384615384,0.296969696969697
0.5384615384615384,0.29518072289156627
0.5384615384615384,0.2934131736526946
0.5384615384615384,0.2934131736526946
0.5384615384615384,0.2934131736526946
0.5384615384615384,0.2934131736526946
0.5384615384615384,0.2934131736526946
0.5384615384615384,0.2916666666666667
0.5384615384615384,0.2916666666666667
0.5384615384615384,0.28994082840236685
0.5384615384615384,0.28994082840236685
0.5384615384615384,0.28994082840236685
0.5384615384615384,0.28823529411764703
0.5384615384615384,0.28654970760233917
0.5384615384615384,0.28654970760233917
0.5384615384615384,0.28488372093023256
0.5384615384615384,0.2832369942196532
0.5384615384615384,0.28160919540229884
0.5384615384615384,0.28160919540229884
0.5384615384615384,0.28160919540229884
0.5384615384615384,0.28160919540229884
0.5494505494505495,0.2857142857142857
0.5604395604395604,0.2897727272727273
0.5604395604395604,0.2897727272727273
0.5604395604395604,0.2897727272727273
0.5604395604395604,0.288135593220339
0.5604395604395604,0.288135593220339
0.5604395604395604,0.288135593220339
0.5604395604395604,0.28651685393258425
0.5604395604395604,0.28651685393258425
0.5604395604395604,0.2849162011173184
0.5604395604395604,0.2849162011173184
0.5604395604395604,0.2849162011173184
0.5604395604395604,0.2833333333333333
0.5604395604395604,0.2833333333333333
0.5604395604395604,0.2833333333333333
0.5604395604395604,0.2833333333333333
0.5604395604395604,0.281767955801105
0.5604395604395604,0.281767955801105
0.5604395604395604,0.281767955801105
0.5604395604395604,0.281767955801105
0.5604395604395604,0.281767955801105
0.5604395604395604,0.281767955801105
0.5604395604395604,0.2802197802197802
0.5714285714285714,0.28415300546448086
0.5714285714285714,0.2826086956521739
0.5714285714285714,0.2810810810810811
0.5714285714285714,0.2810810810810811
0.5714285714285714,0.2810810810810811
0.5714285714285714,0.2810810810810811
0.5714285714285714,0.2810810810810811
0.5714285714285714,0.2810810810810811
0.5714285714285714,0.2810810810810811
0.5714285714285714,0.27956989247311825
0.5714285714285714,0.27807486631016043
0.5714285714285714,0.27807486631016043
0.5714285714285714,0.27807486631016043
0.5714285714285714,0.27807486631016043
0.5824175824175825,0.28191489361702127
0.5824175824175825,0.28191489361702127
0.5824175824175825,0.2804232804232804
0.5824175824175825,0.2789473684210526
0.5824175824175825,0.2789473684210526
0.5824175824175825,0.2789473684210526
0.5824175824175825,0.2774869109947644
0.5824175824175825,0.2774869109947644
0.5824175824175825,0.2774869109947644
0.5824175824175825,0.2760416666666667
0.5824175824175825,0.2760416666666667
0.5824175824175825,0.2760416666666667
0.5824175824175825,0.27461139896373055
0.5824175824175825,0.27319587628865977
0.5824175824175825,0.27319587628865977
0.5824175824175825,0.2717948717948718
0.5824175824175825,0.2717948717948718
0.5824175824175825,0.2717948717948718
0.5824175824175825,0.2717948717948718
0.5824175824175825,0.2717948717948718
0.5824175824175825,0.2717948717948718
0.5824175824175825,0.2717948717948718
0.5824175824175825,0.2717948717948718
0.5824175824175825,0.2717948717948718
0.5824175824175825,0.2717948717948718
0.5824175824175825,0.2717948717948718
0.5824175824175825,0.2717948717948718
0.5824175824175825,0.2717948717948718
0.5824175824175825,0.2717948717948718
0.5824175824175825,0.2717948717948718
0.5824175824175825,0.2717948717948718
0.5824175824175825,0.27040816326530615
0.5824175824175825,0.27040816326530615
0.5824175824175825,0.27040816326530615
0.5824175824175825,0.26903553299492383
0.5824175824175825,0.26903553299492383
0.5824175824175825,0.26903553299492383
0.5824175824175825,0.26903553299492383
0.5824175824175825,0.2676767676767677
0.5824175824175825,0.2663316582914573
0.5824175824175825,0.2663316582914573
0.5824175824175825,0.2663316582914573
0.5824175824175825,0.2663316582914573
0.5824175824175825,0.2663316582914573
0.5824175824175825,0.2663316582914573
0.5824175824175825,0.265
0.5824175824175825,0.265
0.5824175824175825,0.263681592039801
0.5824175824175825,0.2623762376237624
0.5824175824175825,0.2623762376237624
0.5824175824175825,0.2623762376237624
0.5824175824175825,0.2623762376237624
0.5824175824175825,0.2623762376237624
0.5824175824175825,0.2623762376237624
0.5824175824175825,0.2623762376237624
0.5824175824175825,0.2623762376237624
0.5824175824175825,0.26108374384236455
0.5824175824175825,0.26108374384236455
0.5824175824175825,0.25980392156862747
0.5824175824175825,0.25980392156862747
0.5824175824175825,0.25853658536585367
0.5824175824175825,0.25853658536585367
0.5824175824175825,0.25853658536585367
0.5824175824175825,0.25728155339805825
0.5824175824175825,0.2560386473429952
0.5824175824175825,0.2560386473429952
0.5824175824175825,0.2560386473429952
0.5824175824175825,0.2560386473429952
0.5824175824175825,0.2560386473429952
0.5824175824175825,0.2560386473429952
0.5824175824175825,0.2560386473429952
0.5824175824175825,0.2560386473429952
0.5824175824175825,0.2560386473429952
0.5824175824175825,0.2560386473429952
0.5824175824175825,0.2560386473429952
0.5824175824175825,0.2548076923076923
0.5824175824175825,0.2535885167464115
0.5824175824175825,0.2535885167464115
0.5934065934065934,0.2571428571428571
0.5934065934065934,0.2571428571428571
0.5934065934065934,0.2571428571428571
0.5934065934065934,0.2571428571428571
0.5934065934065934,0.2559241706161137
0.5934065934065934,0.2559241706161137
0.5934065934065934,0.25471698113207547
0.5934065934065934,0.25471698113207547
0.5934065934065934,0.25471698113207547
0.5934065934065934,0.25471698113207547
0.5934065934065934,0.2535211267605634
0.5934065934065934,0.2535211267605634
0.5934065934065934,0.2523364485981308
0.5934065934065934,0.2523364485981308
0.5934065934065934,0.2523364485981308
0.5934065934065934,0.2523364485981308
0.5934065934065934,0.25116279069767444
0.5934065934065934,0.25116279069767444
0.5934065934065934,0.25116279069767444
0.5934065934065934,0.25116279069767444
0.5934065934065934,0.25116279069767444
0.5934065934065934,0.25116279069767444
0.5934065934065934,0.25116279069767444
0.5934065934065934,0.25116279069767444
0.5934065934065934,0.25116279069767444
0.5934065934065934,0.25116279069767444
0.5934065934065934,0.25116279069767444
0.5934065934065934,0.25116279069767444
0.5934065934065934,0.25
0.5934065934065934,0.2488479262672811
0.5934065934065934,0.2488479262672811
0.5934065934065934,0.2488479262672811
0.5934065934065934,0.2488479262672811
0.5934065934065934,0.2488479262672811
0.5934065934065934,0.2488479262672811
0.5934065934065934,0.2488479262672811
0.5934065934065934,0.2488479262672811
0.5934065934065934,0.2488479262672811
0.5934065934065934,0.2488479262672811
0.5934065934065934,0.2488479262672811
0.5934065934065934,0.24770642201834864
0.5934065934065934,0.24770642201834864
0.5934065934065934,0.24770642201834864
0.5934065934065934,0.24770642201834864
0.5934065934065934,0.24770642201834864
0.5934065934065934,0.24770642201834864
0.5934065934065934,0.2465753424657534
0.5934065934065934,0.2465753424657534
0.5934065934065934,0.2465753424657534
0.5934065934065934,0.2465753424657534
0.5934065934065934,0.2465753424657534
0.5934065934065934,0.24545454545454545
0.5934065934065934,0.24545454545454545
0.5934065934065934,0.24545454545454545
0.5934065934065934,0.24545454545454545
0.5934065934065934,0.24545454545454545
0.5934065934065934,0.24545454545454545
0.5934065934065934,0.24545454545454545
0.5934065934065934,0.24545454545454545
0.5934065934065934,0.24545454545454545
0.5934065934065934,0.24434389140271492
0.5934065934065934,0.24324324324324326
0.5934065934065934,0.24324324324324326
0.5934065934065934,0.24324324324324326
0.5934065934065934,0.24324324324324326
0.5934065934065934,0.24324324324324326
0.5934065934065934,0.24324324324324326
0.5934065934065934,0.24324324324324326
0.5934065934065934,0.24324324324324326
0.5934065934065934,0.242152466367713
0.5934065934065934,0.24107142857142858
0.5934065934065934,0.24
0.5934065934065934,0.24
0.5934065934065934,0.23893805309734514
0.5934065934065934,0.23788546255506607
0.5934065934065934,0.23788546255506607
0.5934065934065934,0.23788546255506607
0.5934065934065934,0.23788546255506607
0.5934065934065934,0.23788546255506607
0.5934065934065934,0.23788546255506607
0.6043956043956044,0.2412280701754386
0.6043956043956044,0.2412280701754386
0.6043956043956044,0.2412280701754386
0.6043956043956044,0.2412280701754386
0.6043956043956044,0.24017467248908297
0.6043956043956044,0.24017467248908297
0.6043956043956044,0.24017467248908297
0.6043956043956044,0.2391304347826087
0.6043956043956044,0.23809523809523808
0.6043956043956044,0.23809523809523808
0.6043956043956044,0.23809523809523808
0.6043956043956044,0.23809523809523808
0.6043956043956044,0.23809523809523808
0.6043956043956044,0.23809523809523808
0.6043956043956044,0.23809523809523808
0.6043956043956044,0.23706896551724138
0.6043956043956044,0.23706896551724138
0.6043956043956044,0.23605150214592274
0.6043956043956044,0.23504273504273504
0.6043956043956044,0.23504273504273504
0.6043956043956044,0.23504273504273504
0.6043956043956044,0.23404255319148937
0.6043956043956044,0.23404255319148937
0.6043956043956044,0.23404255319148937
0.6043956043956044,0.23404255319148937
0.6043956043956044,0.23404255319148937
0.6043956043956044,0.23404255319148937
0.6043956043956044,0.2330508474576271
0.6043956043956044,0.2330508474576271
0.6043956043956044,0.2330508474576271
0.6043956043956044,0.2330508474576271
0.6043956043956044,0.2320675105485232
0.6043956043956044,0.2320675105485232
0.6043956043956044,0.2320675105485232
0.6043956043956044,0.2320675105485232
0.6043956043956044,0.2320675105485232
0.6043956043956044,0.2320675105485232
0.6043956043956044,0.23109243697478993
0.6043956043956044,0.23109243697478993
0.6043956043956044,0.23109243697478993
0.6153846153846154,0.23430962343096234
0.6153846153846154,0.23430962343096234
0.6153846153846154,0.23430962343096234
0.6153846153846154,0.23430962343096234
0.6153846153846154,0.23333333333333334
0.6153846153846154,0.23333333333333334
0.6153846153846154,0.23333333333333334
0.6153846153846154,0.23333333333333334
0.6153846153846154,0.23333333333333334
0.6153846153846154,0.23333333333333334
0.6153846153846154,0.23236514522821577
0.6153846153846154,0.23140495867768596
0.6153846153846154,0.23045267489711935
0.6153846153846154,0.23045267489711935
0.6153846153846154,0.23045267489711935
0.6153846153846154,0.22950819672131148
0.6153846153846154,0.22857142857142856
0.6153846153846154,0.22857142857142856
0.6153846153846154,0.22857142857142856
0.6153846153846154,0.22857142857142856
0.6153846153846154,0.22857142857142856
0.6153846153846154,0.22764227642276422
0.6153846153846154,0.22764227642276422
0.6153846153846154,0.22764227642276422
0.6153846153846154,0.22764227642276422
0.6153846153846154,0.22764227642276422
0.6153846153846154,0.22764227642276422
0.6153846153846154,0.22764227642276422
0.6153846153846154,0.22764227642276422
0.6153846153846154,0.22764227642276422
0.6153846153846154,0.22764227642276422
0.6153846153846154,0.22764227642276422
0.6153846153846154,0.22764227642276422
0.6153846153846154,0.22672064777327935
0.6153846153846154,0.22672064777327935
0.6153846153846154,0.22672064777327935
0.6153846153846154,0.22580645161290322
0.6153846153846154,0.22580645161290322
0.6153846153846154,0.22580645161290322
0.6153846153846154,0.22580645161290322
0.6153846153846154,0.22580645161290322
0.6153846153846154,0.2248995983935743
0.6153846153846154,0.2248995983935743
0.6153846153846154,0.2248995983935743
0.6153846153846154,0.2248995983935743
0.6153846153846154,0.224
0.6153846153846154,0.224
0.6153846153846154,0.224
0.6153846153846154,0.22310756972111553
0.6153846153846154,0.22310756972111553
0.6153846153846154,0.22310756972111553
0.6153846153846154,0.22310756972111553
0.6153846153846154,0.22310756972111553
0.6153846153846154,0.2222222222222222
0.6153846153846154,0.2222222222222222
0.6153846153846154,0.2222222222222222
0.6153846153846154,0.2222222222222222
0.6153846153846154,0.2222222222222222
0.6153846153846154,0.2222222222222222
0.6263736263736264,0.22529644268774704
0.6263736263736264,0.22529644268774704
0.6263736263736264,0.22529644268774704
0.6263736263736264,0.22440944881889763
0.6263736263736264,0.22440944881889763
0.6263736263736264,0.22440944881889763
0.6263736263736264,0.22440944881889763
0.6263736263736264,0.22440944881889763
0.6263736263736264,0.22440944881889763
0.6263736263736264,0.22440944881889763
0.6263736263736264,0.22440944881889763
0.6263736263736264,0.2235294117647059
0.6263736263736264,0.22265625
0.6263736263736264,0.22265625
0.6263736263736264,0.22178988326848248
0.6263736263736264,0.22178988326848248
0.6263736263736264,0.22178988326848248
0.6263736263736264,0.22178988326848248
0.6263736263736264,0.22093023255813954
0.6263736263736264,0.22007722007722008
0.6263736263736264,0.22007722007722008
0.6263736263736264,0.22007722007722008
0.6263736263736264,0.22007722007722008
0.6263736263736264,0.22007722007722008
0.6263736263736264,0.21923076923076923
0.6263736263736264,0.21923076923076923
0.6263736263736264,0.21923076923076923
0.6263736263736264,0.21839080459770116
0.6263736263736264,0.21839080459770116
0.6263736263736264,0.21755725190839695
0.6263736263736264,0.21755725190839695
0.6263736263736264,0.21755725190839695
0.6263736263736264,0.21755725190839695
0.6263736263736264,0.21755725190839695
0.6263736263736264,0.21755725190839695
0.6263736263736264,0.21755725190839695
0.6263736263736264,0.21673003802281368
0.6263736263736264,0.2159090909090909
0.6263736263736264,0.21509433962264152
0.6263736263736264,0.21509433962264152
0.6263736263736264,0.21428571428571427
0.6263736263736264,0.21428571428571427
0.6263736263736264,0.21428571428571427
0.6263736263736264,0.21348314606741572
0.6263736263736264,0.21348314606741572
0.6263736263736264,0.21348314606741572
0.6263736263736264,0.21348314606741572
0.6263736263736264,0.2126865671641791
0.6263736263736264,0.21189591078066913
0.6263736263736264,0.2111111111111111
0.6263736263736264,0.2111111111111111
0.6263736263736264,0.2111111111111111
0.6263736263736264,0.2111111111111111
0.6263736263736264,0.2111111111111111
0.6263736263736264,0.2111111111111111
0.6263736263736264,0.2111111111111111
0.6263736263736264,0.2111111111111111
0.6263736263736264,0.2111111111111111
0.6263736263736264,0.2111111111111111
0.6263736263736264,0.2111111111111111
0.6263736263736264,0.2111111111111111
0.6263736263736264,0.21033210332103322
0.6263736263736264,0.21033210332103322
0.6263736263736264,0.21033210332103322
0.6263736263736264,0.21033210332103322
0.6263736263736264,0.20955882352941177
0.6263736263736264,0.20955882352941177
0.6263736263736264,0.20955882352941177
0.6263736263736264,0.20955882352941177
0.6263736263736264,0.20955882352941177
0.6263736263736264,0.20955882352941177
0.6263736263736264,0.20955882352941177
0.6263736263736264,0.20955882352941177
0.6263736263736264,0.20955882352941177
0.6263736263736264,0.20955882352941177
0.6263736263736264,0.20955882352941177
0.6263736263736264,0.20955882352941177
0.6263736263736264,0.20955882352941177
0.6263736263736264,0.2087912087912088
0.6263736263736264,0.2087912087912088
0.6263736263736264,0.20802919708029197
0.6263736263736264,0.20802919708029197
0.6263736263736264,0.20802919708029197
0.6263736263736264,0.20802919708029197
0.6263736263736264,0.20802919708029197
0.6263736263736264,0.20727272727272728
0.6263736263736264,0.20727272727272728
0.6263736263736264,0.20727272727272728
0.6263736263736264,0.20727272727272728
0.6263736263736264,0.20727272727272728
0.6263736263736264,0.20727272727272728
0.6263736263736264,0.20727272727272728
0.6263736263736264,0.20727272727272728
0.6263736263736264,0.20727272727272728
0.6263736263736264,0.20727272727272728
0.6263736263736264,0.20727272727272728
0.6263736263736264,0.20727272727272728
0.6263736263736264,0.20727272727272728
0.6263736263736264,0.20727272727272728
0.6263736263736264,0.20727272727272728
0.6263736263736264,0.20727272727272728
0.6263736263736264,0.20652173913043478
0.6263736263736264,0.20652173913043478
0.6263736263736264,0.20652173913043478
0.6263736263736264,0.20652173913043478
0.6263736263736264,0.20652173913043478
0.6263736263736264,0.20652173913043478
0.6263736263736264,0.20652173913043478
0.6263736263736264,0.20652173913043478
0.6263736263736264,0.20652173913043478
0.6263736263736264,0.20652173913043478
0.6263736263736264,0.20652173913043478
0.6263736263736264,0.20652173913043478
0.6263736263736264,0.20652173913043478
0.6263736263736264,0.20577617328519857
0.6263736263736264,0.20577617328519857
0.6263736263736264,0.20577617328519857
0.6263736263736264,0.20577617328519857
0.6263736263736264,0.20503597122302158
0.6263736263736264,0.20503597122302158
0.6263736263736264,0.20503597122302158
0.6263736263736264,0.20503597122302158
0.6263736263736264,0.20503597122302158
0.6263736263736264,0.20503597122302158
0.6263736263736264,0.20503597122302158
0.6263736263736264,0.20503597122302158
0.6263736263736264,0.20503597122302158
0.6263736263736264,0.20503597122302158
0.6263736263736264,0.20503597122302158
0.6263736263736264,0.20430107526881722
0.6263736263736264,0.20430107526881722
0.6263736263736264,0.20430107526881722
0.6263736263736264,0.20430107526881722
0.6263736263736264,0.20430107526881722
0.6263736263736264,0.20357142857142857
0.6263736263736264,0.20357142857142857
0.6263736263736264,0.20357142857142857
0.6263736263736264,0.20357142857142857
0.6263736263736264,0.20357142857142857
0.6263736263736264,0.20357142857142857
0.6263736263736264,0.20357142857142857
0.6263736263736264,0.20357142857142857
0.6263736263736264,0.20284697508896798
0.6263736263736264,0.20284697508896798
0.6263736263736264,0.20212765957446807
0.6263736263736264,0.20212765957446807
0.6263736263736264,0.20141342756183744
0.6263736263736264,0.20141342756183744
0.6263736263736264,0.20141342756183744
0.6263736263736264,0.2007042253521127
0.6263736263736264,0.2007042253521127
0.6263736263736264,0.2007042253521127
0.6263736263736264,0.2007042253521127
0.6263736263736264,0.2
0.6263736263736264,0.1993006993006993
0.6263736263736264,0.1993006993006993
0.6263736263736264,0.1993006993006993
0.6263736263736264,0.1993006993006993
0.6263736263736264,0.1986062717770035
0.6263736263736264,0.19791666666666666
0.6263736263736264,0.19791666666666666
0.6263736263736264,0.19791666666666666
0.6263736263736264,0.19791666666666666
0.6263736263736264,0.1972318339100346
0.6263736263736264,0.1972318339100346
0.6263736263736264,0.1972318339100346
0.6263736263736264,0.1972318339100346
0.6263736263736264,0.1972318339100346
0.6263736263736264,0.1972318339100346
0.6263736263736264,0.1972318339100346
0.6263736263736264,0.1972318339100346
0.6263736263736264,0.1972318339100346
0.6263736263736264,0.1972318339100346
0.6263736263736264,0.1972318339100346
0.6263736263736264,0.1972318339100346
0.6263736263736264,0.1972318339100346
0.6263736263736264,0.1972318339100346
0.6263736263736264,0.1972318339100346
0.6263736263736264,0.1972318339100346
0.6263736263736264,0.1972318339100346
0.6263736263736264,0.1972318339100346
0.6263736263736264,0.1972318339100346
0.6263736263736264,0.1972318339100346
0.6263736263736264,0.1972318339100346
0.6263736263736264,0.1972318339100346
0.6263736263736264,0.1972318339100346
0.6263736263736264,0.1972318339100346
0.6263736263736264,0.1972318339100346
0.6263736263736264,0.19655172413793104
0.6263736263736264,0.19655172413793104
0.6263736263736264,0.19655172413793104
0.6263736263736264,0.1958762886597938
0.6263736263736264,0.1952054794520548
0.6263736263736264,0.1952054794520548
0.6263736263736264,0.1952054794520548
0.6263736263736264,0.1952054794520548
0.6263736263736264,0.1952054794520548
0.6263736263736264,0.1952054794520548
0.6263736263736264,0.1952054794520548
0.6263736263736264,0.1952054794520548
0.6263736263736264,0.1945392491467577
0.6263736263736264,0.1945392491467577
0.6263736263736264,0.19387755102040816
0.6263736263736264,0.19387755102040816
0.6263736263736264,0.19387755102040816
0.6263736263736264,0.19387755102040816
0.6263736263736264,0.19322033898305085
0.6263736263736264,0.19256756756756757
0.6263736263736264,0.1919191919191919
0.6263736263736264,0.1919191919191919
0.6263736263736264,0.1912751677852349
0.6263736263736264,0.19063545150501673
0.6263736263736264,0.19063545150501673
0.6263736263736264,0.19
0.6263736263736264,0.19
0.6263736263736264,0.19
0.6263736263736264,0.19
0.6263736263736264,0.1893687707641196
0.6263736263736264,0.18874172185430463
0.6263736263736264,0.18874172185430463
0.6263736263736264,0.18874172185430463
0.6263736263736264,0.18874172185430463
0.6263736263736264,0.18874172185430463
0.6263736263736264,0.18874172185430463
0.6263736263736264,0.18874172185430463
0.6263736263736264,0.18811881188118812
0.6263736263736264,0.18811881188118812
0.6263736263736264,0.18811881188118812
0.6263736263736264,0.18811881188118812
0.6263736263736264,0.1875
0.6263736263736264,0.1875
0.6263736263736264,0.1875
0.6263736263736264,0.1875
0.6263736263736264,0.1875
0.6263736263736264,0.18688524590163935
0.6263736263736264,0.18688524590163935
0.6263736263736264,0.18627450980392157
0.6263736263736264,0.18627450980392157
0.6263736263736264,0.18566775244299674
0.6263736263736264,0.18566775244299674
0.6263736263736264,0.18506493506493507
0.6263736263736264,0.18506493506493507
0.6263736263736264,0.18446601941747573
0.6263736263736264,0.18446601941747573
0.6263736263736264,0.18387096774193548
0.6263736263736264,0.18387096774193548
0.6263736263736264,0.1832797427652733
0.6263736263736264,0.1832797427652733
0.6263736263736264,0.1832797427652733
0.6263736263736264,0.1832797427652733
0.6263736263736264,0.1832797427652733
0.6263736263736264,0.1832797427652733
0.6263736263736264,0.1832797427652733
0.6263736263736264,0.1832797427652733
0.6263736263736264,0.18269230769230768
0.6263736263736264,0.18269230769230768
0.6263736263736264,0.18269230769230768
0.6263736263736264,0.18269230769230768
0.6263736263736264,0.18269230769230768
0.6263736263736264,0.18210862619808307
0.6263736263736264,0.18210862619808307
0.6263736263736264,0.18210862619808307
0.6263736263736264,0.18152866242038215
0.6263736263736264,0.18152866242038215
0.6263736263736264,0.18152866242038215
0.6263736263736264,0.18152866242038215
0.6263736263736264,0.18095238095238095
0.6263736263736264,0.18095238095238095
0.6263736263736264,0.18095238095238095
0.6263736263736264,0.18095238095238095
0.6263736263736264,0.18037974683544303
0.6263736263736264,0.17981072555205047
0.6263736263736264,0.17981072555205047
0.6263736263736264,0.17981072555205047
0.6263736263736264,0.17981072555205047
0.6263736263736264,0.17981072555205047
0.6263736263736264,0.1792452830188679
0.6263736263736264,0.1792452830188679
0.6263736263736264,0.1792452830188679
0.6263736263736264,0.1792452830188679
0.6263736263736264,0.1792452830188679
0.6263736263736264,0.1792452830188679
0.6263736263736264,0.1792452830188679
0.6263736263736264,0.1792452830188679
0.6263736263736264,0.1792452830188679
0.6263736263736264,0.1792452830188679
0.6263736263736264,0.1786833855799373
0.6263736263736264,0.1786833855799373
0.6263736263736264,0.1786833855799373
0.6263736263736264,0.178125
0.6263736263736264,0.178125
0.6263736263736264,0.178125
0.6263736263736264,0.178125
0.6263736263736264,0.178125
0.6263736263736264,0.178125
0.6263736263736264,0.178125
0.6263736263736264,0.17757009345794392
0.6263736263736264,0.17757009345794392
0.6263736263736264,0.17757009345794392
0.6263736263736264,0.17757009345794392
0.6263736263736264,0.17701863354037267
0.6263736263736264,0.17701863354037267
0.6263736263736264,0.17701863354037267
0.6263736263736264,0.17647058823529413
0.6263736263736264,0.17647058823529413
0.6373626373626373,0.17901234567901234
0.6373626373626373,0.17901234567901234
0.6373626373626373,0.17846153846153845
0.6373626373626373,0.17846153846153845
0.6373626373626373,0.17846153846153845
0.6373626373626373,0.17791411042944785
0.6373626373626373,0.17791411042944785
0.6373626373626373,0.17791411042944785
0.6373626373626373,0.17737003058103976
0.6373626373626373,0.17737003058103976
0.6373626373626373,0.17682926829268292
0.6373626373626373,0.17682926829268292
0.6373626373626373,0.17682926829268292
0.6373626373626373,0.17682926829268292
0.6373626373626373,0.1762917933130699
0.6373626373626373,0.1762917933130699
0.6373626373626373,0.1762917933130699
0.6373626373626373,0.1762917933130699
0.6373626373626373,0.1762917933130699
0.6373626373626373,0.1762917933130699
0.6373626373626373,0.17575757575757575
0.6373626373626373,0.17575757575757575
0.6373626373626373,0.17575757575757575
0.6373626373626373,0.17575757575757575
0.6373626373626373,0.17522658610271905
0.6373626373626373,0.17522658610271905
0.6373626373626373,0.1746987951807229
0.6373626373626373,0.1746987951807229
0.6373626373626373,0.1746987951807229
0.6373626373626373,0.17417417417417416
0.6373626373626373,0.17417417417417416
0.6373626373626373,0.17365269461077845
0.6373626373626373,0.17365269461077845
0.6373626373626373,0.17365269461077845
0.6373626373626373,0.17365269461077845
0.6373626373626373,0.17365269461077845
0.6373626373626373,0.17365269461077845
0.6373626373626373,0.17365269461077845
0.6373626373626373,0.17365269461077845
0.6373626373626373,0.17365269461077845
0.6373626373626373,0.17365269461077845
0.6373626373626373,0.17313432835820897
0.6373626373626373,0.17261904761904762
0.6373626373626373,0.17261904761904762
0.6373626373626373,0.17261904761904762
0.6373626373626373,0.17261904761904762
0.6373626373626373,0.17261904761904762
0.6373626373626373,0.17210682492581603
0.6373626373626373,0.17210682492581603
0.6373626373626373,0.17210682492581603
0.6373626373626373,0.17210682492581603
0.6373626373626373,0.17159763313609466
0.6373626373626373,0.1710914454277286
0.6373626373626373,0.1710914454277286
0.6373626373626373,0.1710914454277286
0.6373626373626373,0.17058823529411765
0.6373626373626373,0.17058823529411765
0.6373626373626373,0.17058823529411765
0.6373626373626373,0.17058823529411765
0.6373626373626373,0.17058823529411765
0.6373626373626373,0.17058823529411765
0.6373626373626373,0.17058823529411765
0.6373626373626373,0.17058823529411765
0.6373626373626373,0.17058823529411765
0.6373626373626373,0.17058823529411765
0.6373626373626373,0.17058823529411765
0.6373626373626373,0.17058823529411765
0.6373626373626373,0.17058823529411765
0.6373626373626373,0.17008797653958943
0.6373626373626373,0.1695906432748538
0.6373626373626373,0.1695906432748538
0.6373626373626373,0.1695906432748538
0.6373626373626373,0.1695906432748538
0.6373626373626373,0.1695906432748538
0.6373626373626373,0.1695906432748538
0.6373626373626373,0.16909620991253643
0.6373626373626373,0.16909620991253643
0.6373626373626373,0.16909620991253643
0.6373626373626373,0.16909620991253643
0.6373626373626373,0.16909620991253643
0.6373626373626373,0.16909620991253643
0.6373626373626373,0.16909620991253643
0.6373626373626373,0.16909620991253643
0.6373626373626373,0.16909620991253643
0.6373626373626373,0.16909620991253643
0.6373626373626373,0.1686046511627907
0.6373626373626373,0.1681159420289855
0.6373626373626373,0.1681159420289855
0.6373626373626373,0.1676300578034682
0.6373626373626373,0.1676300578034682
0.6373626373626373,0.16714697406340057
0.6373626373626373,0.16714697406340057
0.6373626373626373,0.16714697406340057
0.6483516483516484,0.16954022988505746
0.6483516483516484,0.16954022988505746
0.6483516483516484,0.16905444126074498
0.6483516483516484,0.16905444126074498
0.6483516483516484,0.16905444126074498
0.6483516483516484,0.16905444126074498
0.6483516483516484,0.16905444126074498
0.6483516483516484,0.16905444126074498
0.6483516483516484,0.16857142857142857
0.6483516483516484,0.16857142857142857
0.6483516483516484,0.16809116809116809
0.6483516483516484,0.16809116809116809
0.6483516483516484,0.16761363636363635
0.6483516483516484,0.16761363636363635
0.6483516483516484,0.1671388101983003
0.6483516483516484,0.1671388101983003
0.6483516483516484,0.1671388101983003
0.6483516483516484,0.1671388101983003
0.6483516483516484,0.1671388101983003
0.6483516483516484,0.1671388101983003
0.6483516483516484,0.1671388101983003
0.6483516483516484,0.1671388101983003
0.6483516483516484,0.1671388101983003
0.6483516483516484,0.1671388101983003
0.6483516483516484,0.1671388101983003
0.6483516483516484,0.1671388101983003
0.6483516483516484,0.1671388101983003
0.6483516483516484,0.1671388101983003
0.6483516483516484,0.1671388101983003
0.6483516483516484,0.1671388101983003
0.6483516483516484,0.1671388101983003
0.6483516483516484,0.1671388101983003
0.6483516483516484,0.1671388101983003
0.6483516483516484,0.1671388101983003
0.6483516483516484,0.16666666666666666
0.6483516483516484,0.16666666666666666
0.6483516483516484,0.16666666666666666
0.6483516483516484,0.16666666666666666
0.6483516483516484,0.16666666666666666
0.6483516483516484,0.16619718309859155
0.6483516483516484,0.16619718309859155
0.6483516483516484,0.16573033707865167
0.6483516483516484,0.16573033707865167
0.6483516483516484,0.16573033707865167
0.6483516483516484,0.16526610644257703
0.6483516483516484,0.164804469273743
0.6483516483516484,0.164804469273743
0.6483516483516484,0.164804469273743
0.6483516483516484,0.164804469273743
0.6483516483516484,0.164804469273743
0.6483516483516484,0.16434540389972144
0.6483516483516484,0.16434540389972144
0.6483516483516484,0.1638888888888889
0.6483516483516484,0.1638888888888889
0.6483516483516484,0.1638888888888889
0.6483516483516484,0.1638888888888889
0.6483516483516484,0.1634349030470914
0.6483516483516484,0.1634349030470914
0.6483516483516484,0.1634349030470914
0.6483516483516484,0.16298342541436464
0.6483516483516484,0.16298342541436464
0.6483516483516484,0.16298342541436464
0.6483516483516484,0.16298342541436464
0.6483516483516484,0.162534435261708
0.6483516483516484,0.162534435261708
0.6483516483516484,0.162534435261708
0.6483516483516484,0.162534435261708
0.6483516483516484,0.162534435261708
0.6483516483516484,0.162534435261708
0.6483516483516484,0.162534435261708
0.6483516483516484,0.162534435261708
0.6483516483516484,0.162534435261708
0.6483516483516484,0.162534435261708
0.6483516483516484,0.162534435261708
0.6483516483516484,0.162534435261708
0.6483516483516484,0.162534435261708
0.6483516483516484,0.162534435261708
0.6483516483516484,0.1620879120879121
0.6483516483516484,0.16164383561643836
0.6483516483516484,0.16164383561643836
0.6483516483516484,0.16164383561643836
0.6483516483516484,0.16164383561643836
0.6483516483516484,0.16164383561643836
0.6483516483516484,0.16164383561643836
0.6483516483516484,0.16164383561643836
0.6483516483516484,0.16164383561643836
0.6483516483516484,0.16164383561643836
0.6483516483516484,0.16120218579234974
0.6483516483516484,0.16120218579234974
0.6483516483516484,0.16120218579234974
0.6483516483516484,0.16120218579234974
0.6483516483516484,0.16120218579234974
0.6483516483516484,0.16120218579234974
0.6483516483516484,0.16120218579234974
0.6483516483516484,0.16120218579234974
0.6483516483516484,0.16120218579234974
0.6483516483516484,0.16120218579234974
0.6483516483516484,0.16076294277929154
0.6483516483516484,0.16076294277929154
0.6483516483516484,0.16076294277929154
0.6483516483516484,0.16032608695652173
0.6483516483516484,0.15989159891598917
0.6483516483516484,0.15989159891598917
0.6483516483516484,0.15945945945945947
0.6483516483516484,0.15902964959568733
0.6483516483516484,0.15902964959568733
0.6483516483516484,0.15902964959568733
0.6483516483516484,0.15902964959568733
0.6483516483516484,0.15902964959568733
0.6483516483516484,0.15902964959568733
0.6483516483516484,0.15902964959568733
0.6483516483516484,0.15902964959568733
0.6483516483516484,0.15902964959568733
0.6483516483516484,0.15902964959568733
0.6483516483516484,0.15902964959568733
0.6483516483516484,0.15902964959568733
0.6483516483516484,0.15902964959568733
0.6483516483516484,0.1586021505376344
0.6483516483516484,0.1586021505376344
0.6483516483516484,0.1581769436997319
0.6483516483516484,0.1581769436997319
0.6483516483516484,0.1581769436997319
0.6483516483516484,0.1581769436997319
0.6483516483516484,0.1581769436997319
0.6483516483516484,0.1581769436997319
0.6483516483516484,0.1581769436997319
0.6483516483516484,0.1581769436997319
0.6483516483516484,0.1581769436997319
0.6483516483516484,0.1581769436997319
0.6483516483516484,0.1581769436997319
0.6483516483516484,0.1581769436997319
0.6483516483516484,0.15775401069518716
0.6483516483516484,0.15775401069518716
0.6483516483516484,0.15775401069518716
0.6483516483516484,0.15775401069518716
0.6483516483516484,0.15775401069518716
0.6483516483516484,0.15775401069518716
0.6483516483516484,0.15775401069518716
0.6483516483516484,0.15775401069518716
0.6483516483516484,0.15775401069518716
0.6483516483516484,0.15775401069518716
0.6483516483516484,0.15775401069518716
0.6483516483516484,0.15733333333333333
0.6483516483516484,0.15733333333333333
0.6483516483516484,0.15733333333333333
0.6483516483516484,0.15733333333333333
0.6483516483516484,0.15733333333333333
0.6483516483516484,0.15733333333333333
0.6483516483516484,0.15733333333333333
0.6483516483516484,0.15733333333333333
0.6483516483516484,0.15733333333333333
0.6483516483516484,0.15733333333333333
0.6483516483516484,0.15733333333333333
0.6483516483516484,0.15733333333333333
0.6483516483516484,0.15733333333333333
0.6483516483516484,0.15691489361702127
0.6483516483516484,0.15691489361702127
0.6483516483516484,0.15691489361702127
0.6483516483516484,0.15691489361702127
0.6483516483516484,0.15691489361702127
0.6483516483516484,0.15691489361702127
0.6483516483516484,0.15649867374005305
0.6483516483516484,0.15649867374005305
0.6483516483516484,0.15649867374005305
0.6483516483516484,0.15649867374005305
0.6483516483516484,0.15608465608465608
0.6483516483516484,0.15567282321899736
0.6483516483516484,0.15567282321899736
0.6483516483516484,0.15526315789473685
0.6483516483516484,0.15485564304461943
0.6483516483516484,0.15485564304461943
0.6483516483516484,0.15485564304461943
0.6483516483516484,0.15485564304461943
0.6483516483516484,0.15485564304461943
0.6483516483516484,0.15485564304461943
0.6483516483516484,0.15485564304461943
0.6483516483516484,0.1544502617801047
0.6483516483516484,0.1544502617801047
0.6483516483516484,0.1544502617801047
0.6483516483516484,0.1544502617801047
0.6483516483516484,0.1544502617801047
0.6483516483516484,0.1544502617801047
0.6483516483516484,0.15404699738903394
0.6483516483516484,0.15404699738903394
0.6483516483516484,0.15364583333333334
0.6483516483516484,0.15364583333333334
0.6483516483516484,0.15324675324675324
0.6483516483516484,0.15324675324675324
0.6483516483516484,0.15284974093264247
0.6483516483516484,0.15284974093264247
0.6483516483516484,0.15284974093264247
0.6483516483516484,0.15284974093264247
0.6483516483516484,0.15284974093264247
0.6483516483516484,0.1524547803617571
0.6483516483516484,0.1524547803617571
0.6483516483516484,0.1524547803617571
0.6483516483516484,0.1524547803617571
0.6483516483516484,0.15206185567010308
0.6483516483516484,0.15206185567010308
0.6483516483516484,0.15206185567010308
0.6483516483516484,0.15206185567010308
0.6483516483516484,0.15206185567010308
0.6483516483516484,0.15206185567010308
0.6483516483516484,0.15206185567010308
0.6483516483516484,0.15206185567010308
0.6483516483516484,0.15206185567010308
0.6483516483516484,0.15206185567010308
0.6483516483516484,0.15206185567010308
0.6483516483516484,0.15206185567010308
0.6483516483516484,0.15206185567010308
0.6483516483516484,0.15206185567010308
0.6483516483516484,0.15167095115681234
0.6483516483516484,0.15167095115681234
0.6483516483516484,0.15167095115681234
0.6483516483516484,0.15167095115681234
0.6483516483516484,0.15167095115681234
0.6483516483516484,0.15167095115681234
0.6483516483516484,0.15128205128205127
0.6483516483516484,0.15089514066496162
0.6483516483516484,0.15089514066496162
0.6483516483516484,0.15089514066496162
0.6483516483516484,0.15089514066496162
0.6483516483516484,0.15089514066496162
0.6483516483516484,0.15089514066496162
0.6483516483516484,0.15089514066496162
0.6483516483516484,0.15089514066496162
0.6483516483516484,0.15089514066496162
0.6483516483516484,0.15051020408163265
0.6483516483516484,0.15051020408163265
0.6483516483516484,0.15051020408163265
0.6483516483516484,0.15051020408163265
0.6483516483516484,0.15012722646310434
0.6483516483516484,0.15012722646310434
0.6483516483516484,0.15012722646310434
0.6483516483516484,0.15012722646310434
0.6483516483516484,0.15012722646310434
0.6483516483516484,0.15012722646310434
0.6483516483516484,0.15012722646310434
0.6483516483516484,0.15012722646310434
0.6483516483516484,0.15012722646310434
0.6483516483516484,0.15012722646310434
0.6483516483516484,0.15012722646310434
0.6483516483516484,0.15012722646310434
0.6483516483516484,0.15012722646310434
0.6483516483516484,0.15012722646310434
0.6483516483516484,0.15012722646310434
0.6483516483516484,0.15012722646310434
0.6483516483516484,0.15012722646310434
0.6483516483516484,0.15012722646310434
0.6483516483516484,0.15012722646310434
0.6483516483516484,0.15012722646310434
0.6483516483516484,0.14974619289340102
0.6483516483516484,0.14936708860759493
0.6483516483516484,0.14898989898989898
0.6483516483516484,0.14898989898989898
0.6483516483516484,0.1486146095717884
0.6483516483516484,0.1486146095717884
0.6483516483516484,0.14824120603015076
0.6483516483516484,0.14786967418546365
0.6483516483516484,0.1475
0.6483516483516484,0.1475
0.6483516483516484,0.1475
0.6483516483516484,0.1475
0.6483516483516484,0.14713216957605985
0.6483516483516484,0.14713216957605985
0.6483516483516484,0.14676616915422885
0.6483516483516484,0.14676616915422885
0.6483516483516484,0.14676616915422885
0.6483516483516484,0.14640198511166252
0.6483516483516484,0.14640198511166252
0.6483516483516484,0.14640198511166252
0.6483516483516484,0.14640198511166252
0.6483516483516484,0.14640198511166252
0.6483516483516484,0.14640198511166252
0.6483516483516484,0.14640198511166252
0.6483516483516484,0.14640198511166252
0.6483516483516484,0.14603960396039603
0.6483516483516484,0.14603960396039603
0.6483516483516484,0.14603960396039603
0.6483516483516484,0.14603960396039603
0.6483516483516484,0.14603960396039603
0.6483516483516484,0.14603960396039603
0.6483516483516484,0.14603960396039603
0.6483516483516484,0.14603960396039603
0.6483516483516484,0.14603960396039603
0.6483516483516484,0.14603960396039603
0.6483516483516484,0.14603960396039603
0.6483516483516484,0.14603960396039603
0.6483516483516484,0.145679012345679
0.6483516483516484,0.145679012345679
0.6483516483516484,0.145679012345679
0.6483516483516484,0.145679012345679
0.6483516483516484,0.145679012345679
0.6483516483516484,0.145679012345679
0.6483516483516484,0.145679012345679
0.6483516483516484,0.14532019704433496
0.6483516483516484,0.14532019704433496
0.6483516483516484,0.14532019704433496
0.6483516483516484,0.14532019704433496
0.6483516483516484,0.14532019704433496
0.6483516483516484,0.14532019704433496
0.6483516483516484,0.14496314496314497
0.6483516483516484,0.14496314496314497
0.6483516483516484,0.14496314496314497
0.6483516483516484,0.14460784313725492
0.6483516483516484,0.14460784313725492
0.6483516483516484,0.14460784313725492
0.6483516483516484,0.14460784313725492
0.6483516483516484,0.14460784313725492
0.6483516483516484,0.14425427872860636
0.6483516483516484,0.14390243902439023
0.6483516483516484,0.14390243902439023
0.6483516483516484,0.14390243902439023
0.6483516483516484,0.14390243902439023
0.6483516483516484,0.1435523114355231
0.6483516483516484,0.14320388349514562
0.6483516483516484,0.14320388349514562
0.6483516483516484,0.14320388349514562
0.6483516483516484,0.14320388349514562
0.6483516483516484,0.14320388349514562
0.6483516483516484,0.14285714285714285
0.6483516483516484,0.14251207729468598
0.6483516483516484,0.14216867469879518
0.6483516483516484,0.14216867469879518
0.6483516483516484,0.14216867469879518
0.6483516483516484,0.14216867469879518
0.6483516483516484,0.14182692307692307
0.6483516483516484,0.14148681055155876
0.6483516483516484,0.14114832535885166
0.6483516483516484,0.14114832535885166
0.6483516483516484,0.14081145584725538
0.6483516483516484,0.14081145584725538
0.6483516483516484,0.14081145584725538
0.6483516483516484,0.14081145584725538
0.6483516483516484,0.14081145584725538
0.6483516483516484,0.14081145584725538
0.6483516483516484,0.14081145584725538
0.6483516483516484,0.14081145584725538
0.6483516483516484,0.14081145584725538
0.6483516483516484,0.14081145584725538
0.6483516483516484,0.14081145584725538
0.6483516483516484,0.14081145584725538
0.6483516483516484,0.14081145584725538
0.6483516483516484,0.14081145584725538
0.6483516483516484,0.14047619047619048
0.6483516483516484,0.14014251781472684
0.6483516483516484,0.14014251781472684
0.6483516483516484,0.14014251781472684
0.6483516483516484,0.14014251781472684
0.6483516483516484,0.13981042654028436
0.6483516483516484,0.13981042654028436
0.6483516483516484,0.13981042654028436
0.6483516483516484,0.13981042654028436
0.6483516483516484,0.13947990543735225
0.6483516483516484,0.1391509433962264
0.6483516483516484,0.1391509433962264
0.6483516483516484,0.1391509433962264
