0.0031545741324921135,1.0
0.006309148264984227,1.0
0.00946372239747634,1.0
0.012618296529968454,1.0
0.015772870662460567,1.0
0.015772870662460567,0.8333333333333334
0.01892744479495268,0.8571428571428571
0.022082018927444796,0.875
0.025236593059936908,0.8888888888888888
0.028391167192429023,0.9
0.031545741324921134,0.9090909090909091
0.031545741324921134,0.8333333333333334
0.03470031545741325,0.8461538461538461
0.03785488958990536,0.8571428571428571
0.03785488958990536,0.8
0.04100946372239748,0.8125
0.04416403785488959,0.8235294117647058
0.0473186119873817,0.8333333333333334
0.050473186119873815,0.8421052631578947
0.050473186119873815,0.8
0.05362776025236593,0.8095238095238095
0.056782334384858045,0.8181818181818182
0.05993690851735016,0.8260869565217391
0.06309148264984227,0.8333333333333334
0.06309148264984227,0.8
0.06624605678233439,0.8076923076923077
0.0694006309148265,0.8148148148148148
0.07255520504731862,0.8214285714285714
0.07255520504731862,0.7931034482758621
0.07570977917981073,0.8
0.07886435331230283,0.8064516129032258
0.07886435331230283,0.78125
0.08201892744479496,0.7878787878787878
0.08517350157728706,0.7941176470588235
0.08832807570977919,0.8
0.0914826498422713,0.8055555555555556
0.0946372239747634,0.8108108108108109
0.09779179810725552,0.8157894736842105
0.10094637223974763,0.8205128205128205
0.10410094637223975,0.825
0.10410094637223975,0.8048780487804879
0.10410094637223975,0.7857142857142857
0.10410094637223975,0.7674418604651163
0.10410094637223975,0.75
0.10725552050473186,0.7555555555555555
0.11041009463722397,0.7608695652173914
0.11356466876971609,0.7659574468085106
0.1167192429022082,0.7708333333333334
0.11987381703470032,0.7755102040816326
0.11987381703470032,0.76
0.12302839116719243,0.7647058823529411
0.12302839116719243,0.75
0.12618296529968454,0.7547169811320755
0.12618296529968454,0.7407407407407407
0.12618296529968454,0.7272727272727273
0.12618296529968454,0.7142857142857143
0.12933753943217666,0.7192982456140351
0.13249211356466878,0.7241379310344828
0.13564668769716087,0.7288135593220338
0.13564668769716087,0.7166666666666667
0.13564668769716087,0.7049180327868853
0.138801261829653,0.7096774193548387
0.14195583596214512,0.7142857142857143
0.14511041009463724,0.71875
0.14826498422712933,0.7230769230769231
0.15141955835962145,0.7272727272727273
0.15457413249211358,0.7313432835820896
0.15772870662460567,0.7352941176470589
0.15772870662460567,0.7246376811594203
0.15772870662460567,0.7142857142857143
0.1608832807570978,0.7183098591549296
0.1640378548895899,0.7222222222222222
0.167192429022082,0.726027397260274
0.167192429022082,0.7162162162162162
0.167192429022082,0.7066666666666667
0.17034700315457413,0.7105263157894737
0.17034700315457413,0.7012987012987013
0.17034700315457413,0.6923076923076923
0.17034700315457413,0.6835443037974683
0.17034700315457413,0.675
0.17350157728706625,0.6790123456790124
0.17665615141955837,0.6829268292682927
0.17981072555205047,0.6867469879518072
0.17981072555205047,0.6785714285714286
0.17981072555205047,0.6705882352941176
0.1829652996845426,0.6744186046511628
0.1829652996845426,0.6666666666666666
0.1829652996845426,0.6590909090909091
0.1829652996845426,0.651685393258427
0.1829652996845426,0.6444444444444445
0.1829652996845426,0.6373626373626373
0.1861198738170347,0.6413043478260869
0.1861198738170347,0.6344086021505376
0.1892744479495268,0.6382978723404256
0.1892744479495268,0.631578947368421
0.1892744479495268,0.625
0.1892744479495268,0.6185567010309279
0.1892744479495268,0.6122448979591837
0.19242902208201892,0.6161616161616161
0.19242902208201892,0.61
0.19558359621451105,0.6138613861386139
0.19558359621451105,0.6078431372549019
0.19873817034700317,0.6116504854368932
0.19873817034700317,0.6057692307692307
0.19873817034700317,0.6
0.20189274447949526,0.6037735849056604
0.20189274447949526,0.5981308411214953
0.20504731861198738,0.6018518518518519
0.2082018927444795,0.6055045871559633
0.2082018927444795,0.6
0.2113564668769716,0.6036036036036037
0.2113564668769716,0.5982142857142857
0.21451104100946372,0.6017699115044248
0.21766561514195584,0.6052631578947368
0.21766561514195584,0.6
0.21766561514195584,0.5948275862068966
0.21766561514195584,0.5897435897435898
0.21766561514195584,0.5847457627118644
0.21766561514195584,0.5798319327731093
0.22082018927444794,0.5833333333333334
0.22397476340694006,0.5867768595041323
0.22712933753943218,0.5901639344262295
0.22712933753943218,0.5853658536585366
0.2302839116719243,0.5887096774193549
0.2334384858044164,0.592
0.23659305993690852,0.5952380952380952
0.23974763406940064,0.5984251968503937
0.24290220820189273,0.6015625
0.24605678233438485,0.6046511627906976
0.24605678233438485,0.6
0.24921135646687698,0.6030534351145038
0.24921135646687698,0.5984848484848485
0.25236593059936907,0.6015037593984962
0.2555205047318612,0.6044776119402985
0.2555205047318612,0.6
0.2555205047318612,0.5955882352941176
0.2555205047318612,0.5912408759124088
0.2586750788643533,0.5942028985507246
0.2586750788643533,0.5899280575539568
0.2586750788643533,0.5857142857142857
0.2618296529968454,0.5886524822695035
0.26498422712933756,0.5915492957746479
0.26813880126182965,0.5944055944055944
0.27129337539432175,0.5972222222222222
0.27129337539432175,0.593103448275862
0.27129337539432175,0.589041095890411
0.27129337539432175,0.5850340136054422
0.2744479495268139,0.5878378378378378
0.2744479495268139,0.5838926174496645
0.277602523659306,0.5866666666666667
0.2807570977917981,0.5894039735099338
0.28391167192429023,0.5921052631578947
0.2870662460567823,0.5947712418300654
0.2870662460567823,0.5909090909090909
0.2870662460567823,0.5870967741935483
0.2902208201892745,0.5897435897435898
0.2902208201892745,0.5859872611464968
0.2902208201892745,0.5822784810126582
0.2902208201892745,0.5786163522012578
0.2902208201892745,0.575
0.2902208201892745,0.5714285714285714
0.29337539432176657,0.5740740740740741
0.29337539432176657,0.5705521472392638
0.29652996845425866,0.573170731707317
0.2996845425867508,0.5757575757575758
0.2996845425867508,0.572289156626506
0.2996845425867508,0.5688622754491018
0.2996845425867508,0.5654761904761905
0.2996845425867508,0.5621301775147929
0.3028391167192429,0.5647058823529412
0.3028391167192429,0.5614035087719298
0.3028391167192429,0.5581395348837209
0.3028391167192429,0.5549132947976878
0.3028391167192429,0.5517241379310345
0.3028391167192429,0.5485714285714286
0.305993690851735,0.5511363636363636
0.305993690851735,0.5480225988700564
0.305993690851735,0.5449438202247191
0.305993690851735,0.5418994413407822
0.305993690851735,0.5388888888888889
0.305993690851735,0.5359116022099447
0.30914826498422715,0.5384615384615384
0.31230283911671924,0.5409836065573771
0.31230283911671924,0.5380434782608695
0.31230283911671924,0.5351351351351351
0.31545741324921134,0.5376344086021505
0.31545741324921134,0.5347593582887701
0.31545741324921134,0.5319148936170213
0.3186119873817035,0.5343915343915344
0.3217665615141956,0.5368421052631579
0.3217665615141956,0.5340314136125655
0.3217665615141956,0.53125
0.3249211356466877,0.533678756476684
0.3249211356466877,0.5309278350515464
0.3249211356466877,0.5282051282051282
0.3249211356466877,0.5255102040816326
0.3249211356466877,0.5228426395939086
0.3249211356466877,0.5202020202020202
0.3280757097791798,0.5226130653266332
0.3312302839116719,0.525
0.3312302839116719,0.5223880597014925
0.3312302839116719,0.5198019801980198
0.3312302839116719,0.5172413793103449
0.3312302839116719,0.5147058823529411
0.334384858044164,0.5170731707317073
0.33753943217665616,0.5194174757281553
0.34069400630914826,0.5217391304347826
0.34069400630914826,0.5192307692307693
0.34069400630914826,0.5167464114832536
0.34069400630914826,0.5142857142857142
0.34069400630914826,0.5118483412322274
0.3438485804416404,0.5141509433962265
0.3470031545741325,0.5164319248826291
0.3501577287066246,0.5186915887850467
0.3501577287066246,0.5162790697674419
0.3501577287066246,0.5138888888888888
0.3501577287066246,0.511520737327189
0.3501577287066246,0.5091743119266054
0.3501577287066246,0.5068493150684932
0.3501577287066246,0.5045454545454545
0.3501577287066246,0.502262443438914
0.3501577287066246,0.5
0.3501577287066246,0.4977578475336323
0.3501577287066246,0.4955357142857143
0.3501577287066246,0.49333333333333335
0.35331230283911674,0.49557522123893805
0.35331230283911674,0.4933920704845815
0.35331230283911674,0.49122807017543857
0.35331230283911674,0.4890829694323144
0.35331230283911674,0.48695652173913045
0.35331230283911674,0.48484848484848486
0.35646687697160884,0.4870689655172414
0.35646687697160884,0.48497854077253216
0.35646687697160884,0.4829059829059829
0.35646687697160884,0.4808510638297872
0.35646687697160884,0.4788135593220339
0.35962145110410093,0.4810126582278481
0.35962145110410093,0.4789915966386555
0.35962145110410093,0.4769874476987448
0.35962145110410093,0.475
0.35962145110410093,0.4730290456431535
0.35962145110410093,0.47107438016528924
0.3627760252365931,0.4732510288065844
0.3627760252365931,0.4713114754098361
0.3659305993690852,0.47346938775510206
0.3659305993690852,0.4715447154471545
0.36908517350157727,0.47368421052631576
0.36908517350157727,0.4717741935483871
0.36908517350157727,0.46987951807228917
0.36908517350157727,0.468
0.36908517350157727,0.46613545816733065
0.36908517350157727,0.4642857142857143
0.36908517350157727,0.4624505928853755
0.36908517350157727,0.46062992125984253
0.3722397476340694,0.4627450980392157
0.3722397476340694,0.4609375
0.3722397476340694,0.4591439688715953
0.3753943217665615,0.46124031007751937
0.3785488958990536,0.46332046332046334
0.3785488958990536,0.46153846153846156
0.3785488958990536,0.45977011494252873
0.38170347003154576,0.4618320610687023
0.38485804416403785,0.46387832699619774
0.38801261829652994,0.4659090909090909
0.38801261829652994,0.4641509433962264
0.3911671924290221,0.46616541353383456
0.3911671924290221,0.46441947565543074
0.3943217665615142,0.4664179104477612
0.3943217665615142,0.4646840148698885
0.39747634069400634,0.4666666666666667
0.39747634069400634,0.46494464944649444
0.39747634069400634,0.4632352941176471
0.40063091482649843,0.4652014652014652
0.4037854889589905,0.46715328467153283
0.4037854889589905,0.46545454545454545
0.4037854889589905,0.463768115942029
0.4037854889589905,0.4620938628158845
0.4037854889589905,0.460431654676259
0.4069400630914827,0.46236559139784944
0.4069400630914827,0.4607142857142857
0.41009463722397477,0.4626334519572954
0.41009463722397477,0.46099290780141844
0.41324921135646686,0.4628975265017668
0.41324921135646686,0.4612676056338028
0.41324921135646686,0.45964912280701753
0.41324921135646686,0.458041958041958
0.41324921135646686,0.4564459930313589
0.41324921135646686,0.4548611111111111
0.416403785488959,0.45674740484429066
0.416403785488959,0.45517241379310347
0.4195583596214511,0.4570446735395189
0.4195583596214511,0.4554794520547945
0.4195583596214511,0.4539249146757679
0.4195583596214511,0.4523809523809524
0.4195583596214511,0.45084745762711864
0.4195583596214511,0.44932432432432434
0.4195583596214511,0.4478114478114478
0.4195583596214511,0.4463087248322148
0.4227129337539432,0.44816053511705684
0.4227129337539432,0.44666666666666666
0.4227129337539432,0.44518272425249167
0.4227129337539432,0.44370860927152317
0.42586750788643535,0.44554455445544555
0.42586750788643535,0.4440789473684211
0.42586750788643535,0.4426229508196721
0.42586750788643535,0.4411764705882353
0.42902208201892744,0.44299674267100975
0.43217665615141954,0.4448051948051948
0.4353312302839117,0.44660194174757284
0.4353312302839117,0.44516129032258067
0.4384858044164038,0.44694533762057875
0.4416403785488959,0.44871794871794873
0.4416403785488959,0.4472843450479233
0.444794952681388,0.44904458598726116
0.4479495268138801,0.4507936507936508
0.4479495268138801,0.44936708860759494
0.4479495268138801,0.4479495268138801
0.4479495268138801,0.44654088050314467
0.4479495268138801,0.445141065830721
0.4479495268138801,0.44375
0.45110410094637227,0.4454828660436137
0.45425867507886436,0.4472049689440994
0.45425867507886436,0.4458204334365325
0.45425867507886436,0.4444444444444444
0.45741324921135645,0.4461538461538462
0.45741324921135645,0.4447852760736196
0.4605678233438486,0.44648318042813456
0.4605678233438486,0.4451219512195122
0.4605678233438486,0.44376899696048633
0.4605678233438486,0.44242424242424244
0.4637223974763407,0.44410876132930516
0.4637223974763407,0.4427710843373494
0.4637223974763407,0.44144144144144143
0.4637223974763407,0.44011976047904194
0.4637223974763407,0.4388059701492537
0.4637223974763407,0.4375
0.4637223974763407,0.4362017804154303
0.4637223974763407,0.4349112426035503
0.4637223974763407,0.4336283185840708
0.4637223974763407,0.4323529411764706
0.4637223974763407,0.4310850439882698
0.4637223974763407,0.4298245614035088
0.4668769716088328,0.4314868804664723
0.47003154574132494,0.4331395348837209
0.47003154574132494,0.4318840579710145
0.47318611987381703,0.43352601156069365
0.47318611987381703,0.4322766570605187
0.47318611987381703,0.43103448275862066
0.47318611987381703,0.4297994269340974
0.47318611987381703,0.42857142857142855
0.47318611987381703,0.42735042735042733
0.47318611987381703,0.42613636363636365
0.47318611987381703,0.42492917847025496
0.47318611987381703,0.423728813559322
0.47318611987381703,0.4225352112676056
0.47318611987381703,0.42134831460674155
0.47318611987381703,0.42016806722689076
0.47318611987381703,0.41899441340782123
0.47318611987381703,0.4178272980501393
0.47634069400630913,0.41944444444444445
0.47634069400630913,0.4182825484764543
0.47634069400630913,0.4171270718232044
0.47634069400630913,0.41597796143250687
0.47634069400630913,0.41483516483516486
0.47634069400630913,0.4136986301369863
0.4794952681388013,0.41530054644808745
0.4794952681388013,0.4141689373297003
0.48264984227129337,0.4157608695652174
0.48264984227129337,0.4146341463414634
0.48264984227129337,0.4135135135135135
0.48264984227129337,0.4123989218328841
0.48264984227129337,0.4112903225806452
0.48264984227129337,0.4101876675603217
0.48264984227129337,0.4090909090909091
0.48264984227129337,0.408
0.48264984227129337,0.40691489361702127
0.48264984227129337,0.40583554376657827
0.48264984227129337,0.40476190476190477
0.48264984227129337,0.40369393139841686
0.48580441640378547,0.4052631578947368
0.48580441640378547,0.4041994750656168
0.48580441640378547,0.4031413612565445
0.48580441640378547,0.402088772845953
0.48580441640378547,0.4010416666666667
0.48580441640378547,0.4
0.48580441640378547,0.39896373056994816
0.48580441640378547,0.3979328165374677
0.48580441640378547,0.39690721649484534
0.4889589905362776,0.39845758354755784
0.4889589905362776,0.3974358974358974
0.4889589905362776,0.39641943734015345
0.4889589905362776,0.39540816326530615
0.4921135646687697,0.3969465648854962
0.4921135646687697,0.39593908629441626
0.4921135646687697,0.3949367088607595
0.4921135646687697,0.3939393939393939
0.4952681388012618,0.3954659949622166
0.4952681388012618,0.3944723618090452
0.4952681388012618,0.39348370927318294
0.4952681388012618,0.3925
0.4952681388012618,0.3915211970074813
0.4952681388012618,0.39054726368159204
0.4952681388012618,0.38957816377171217
0.4952681388012618,0.3886138613861386
0.4952681388012618,0.38765432098765434
0.4952681388012618,0.3866995073891626
0.4952681388012618,0.3857493857493858
0.4952681388012618,0.38480392156862747
0.49842271293375395,0.3863080684596577
0.501577287066246,0.3878048780487805
0.501577287066246,0.38686131386861317
0.501577287066246,0.3859223300970874
0.5047318611987381,0.387409200968523
0.5047318611987381,0.3864734299516908
0.5047318611987381,0.3855421686746988
0.5047318611987381,0.38461538461538464
0.5047318611987381,0.38369304556354916
0.5047318611987381,0.3827751196172249
0.5047318611987381,0.3818615751789976
0.5047318611987381,0.38095238095238093
0.5047318611987381,0.38004750593824227
0.5047318611987381,0.3791469194312796
0.5047318611987381,0.37825059101654845
0.5047318611987381,0.37735849056603776
0.5047318611987381,0.3764705882352941
0.5047318611987381,0.3755868544600939
0.5047318611987381,0.3747072599531616
0.5047318611987381,0.37383177570093457
0.5047318611987381,0.372960372960373
0.5047318611987381,0.37209302325581395
0.5047318611987381,0.37122969837587005
0.5047318611987381,0.37037037037037035
0.5047318611987381,0.3695150115473441
0.5047318611987381,0.3686635944700461
0.5047318611987381,0.367816091954023
0.5047318611987381,0.3669724770642202
0.5078864353312302,0.3684210526315789
0.5078864353312302,0.3675799086757991
0.5078864353312302,0.36674259681093396
0.5078864353312302,0.3659090909090909
0.5078864353312302,0.36507936507936506
0.5078864353312302,0.36425339366515835
0.5078864353312302,0.36343115124153497
0.5078864353312302,0.36261261261261263
0.5110410094637224,0.36404494382022473
0.5110410094637224,0.3632286995515695
0.5110410094637224,0.3624161073825503
0.5110410094637224,0.36160714285714285
0.5110410094637224,0.36080178173719374
0.5110410094637224,0.36
0.5141955835962145,0.3614190687361419
0.5141955835962145,0.3606194690265487
0.5141955835962145,0.3598233995584989
0.5141955835962145,0.3590308370044053
0.5141955835962145,0.35824175824175825
0.5141955835962145,0.3574561403508772
0.5141955835962145,0.35667396061269147
0.5141955835962145,0.3558951965065502
0.5141955835962145,0.355119825708061
0.5141955835962145,0.35434782608695653
0.5141955835962145,0.35357917570498915
0.5141955835962145,0.3528138528138528
0.5141955835962145,0.35205183585313177
0.5141955835962145,0.35129310344827586
0.5141955835962145,0.35053763440860214
0.5141955835962145,0.3497854077253219
0.5141955835962145,0.3490364025695932
0.5173501577287066,0.3504273504273504
0.5173501577287066,0.34968017057569295
0.5173501577287066,0.34893617021276596
0.5173501577287066,0.3481953290870488
0.5173501577287066,0.3474576271186441
0.5173501577287066,0.346723044397463
0.5173501577287066,0.3459915611814346
0.5173501577287066,0.3452631578947368
0.5173501577287066,0.3445378151260504
0.5205047318611987,0.34591194968553457
0.5205047318611987,0.34518828451882844
0.5236593059936908,0.3465553235908142
0.526813880126183,0.34791666666666665
0.526813880126183,0.3471933471933472
0.526813880126183,0.34647302904564314
0.526813880126183,0.34575569358178054
0.5299684542586751,0.34710743801652894
0.5299684542586751,0.3463917525773196
0.5299684542586751,0.345679012345679
0.5299684542586751,0.34496919917864477
0.5331230283911672,0.3463114754098361
0.5362776025236593,0.3476482617586912
0.5362776025236593,0.3469387755102041
0.5362776025236593,0.34623217922606925
0.5362776025236593,0.34552845528455284
0.5394321766561514,0.34685598377281945
0.5394321766561514,0.34615384615384615
0.5394321766561514,0.34545454545454546
0.5425867507886435,0.3467741935483871
0.5425867507886435,0.3460764587525151
0.5425867507886435,0.3453815261044177
0.5425867507886435,0.34468937875751504
0.5457413249211357,0.346
0.5457413249211357,0.34530938123752497
0.5457413249211357,0.34462151394422313
0.5457413249211357,0.34393638170974156
0.5457413249211357,0.34325396825396826
0.5457413249211357,0.3425742574257426
0.5488958990536278,0.3438735177865613
0.5488958990536278,0.3431952662721893
0.5488958990536278,0.3425196850393701
0.5488958990536278,0.3418467583497053
0.5488958990536278,0.3411764705882353
0.5488958990536278,0.3405088062622309
0.5520504731861199,0.341796875
0.5520504731861199,0.341130604288499
0.5520504731861199,0.3404669260700389
0.5520504731861199,0.33980582524271846
0.555205047318612,0.34108527131782945
0.555205047318612,0.3404255319148936
0.555205047318612,0.33976833976833976
0.5583596214511041,0.34104046242774566
0.5583596214511041,0.3403846153846154
0.5615141955835962,0.3416506717850288
0.5615141955835962,0.34099616858237547
0.5615141955835962,0.3403441682600382
0.5615141955835962,0.33969465648854963
0.5646687697160884,0.34095238095238095
0.5646687697160884,0.3403041825095057
0.5646687697160884,0.3396584440227704
0.5646687697160884,0.3390151515151515
0.5646687697160884,0.3383742911153119
0.5646687697160884,0.33773584905660375
0.5646687697160884,0.3370998116760829
0.5646687697160884,0.33646616541353386
0.5678233438485805,0.33771106941838647
0.5678233438485805,0.33707865168539325
0.5678233438485805,0.3364485981308411
0.5678233438485805,0.3358208955223881
0.5678233438485805,0.33519553072625696
0.5678233438485805,0.3345724907063197
0.5709779179810726,0.3358070500927644
0.5709779179810726,0.3351851851851852
0.5709779179810726,0.3345656192236599
0.5709779179810726,0.3339483394833948
0.5709779179810726,0.3333333333333333
0.5741324921135647,0.33455882352941174
0.5741324921135647,0.3339449541284404
0.5741324921135647,0.3333333333333333
0.5772870662460567,0.33455210237659966
0.5772870662460567,0.33394160583941607
0.5772870662460567,0.3333333333333333
0.580441640378549,0.33454545454545453
0.580441640378549,0.3339382940108893
0.580441640378549,0.3333333333333333
0.583596214511041,0.3345388788426763
0.583596214511041,0.33393501805054154
0.583596214511041,0.3333333333333333
0.583596214511041,0.3327338129496403
0.583596214511041,0.33213644524236985
0.583596214511041,0.33154121863799285
0.583596214511041,0.33094812164579607
0.5867507886435331,0.33214285714285713
0.5867507886435331,0.3315508021390374
0.5867507886435331,0.3309608540925267
0.5867507886435331,0.33037300177619894
0.5867507886435331,0.32978723404255317
0.5867507886435331,0.3292035398230089
0.5867507886435331,0.3286219081272085
0.5867507886435331,0.328042328042328
0.5899053627760252,0.32922535211267606
0.5899053627760252,0.3286467486818981
0.5899053627760252,0.3280701754385965
0.5899053627760252,0.3274956217162872
0.5899053627760252,0.3269230769230769
0.5899053627760252,0.3263525305410122
0.5899053627760252,0.32578397212543553
0.5899053627760252,0.32521739130434785
0.5899053627760252,0.3246527777777778
0.5930599369085173,0.32582322357019067
0.5930599369085173,0.32525951557093424
0.5930599369085173,0.32469775474956825
0.5930599369085173,0.32413793103448274
0.5930599369085173,0.32358003442340794
0.5930599369085173,0.3230240549828179
0.5962145110410094,0.3241852487135506
0.5962145110410094,0.3236301369863014
0.5993690851735016,0.3247863247863248
0.5993690851735016,0.3242320819112628
0.5993690851735016,0.32367972742759793
0.5993690851735016,0.3231292517006803
0.6025236593059937,0.3242784380305603
0.6025236593059937,0.32372881355932204
0.6025236593059937,0.32318104906937395
0.6025236593059937,0.32263513513513514
0.6025236593059937,0.3220910623946037
0.6025236593059937,0.32154882154882153
0.6056782334384858,0.3226890756302521
0.6056782334384858,0.3221476510067114
0.6056782334384858,0.32160804020100503
0.6056782334384858,0.3210702341137124
0.6056782334384858,0.32053422370617696
0.6056782334384858,0.32
0.6056782334384858,0.3194675540765391
0.6056782334384858,0.31893687707641194
0.6088328075709779,0.3200663349917081
0.61198738170347,0.3211920529801324
0.61198738170347,0.32066115702479336
0.6151419558359621,0.3217821782178218
0.6151419558359621,0.3212520593080725
0.6151419558359621,0.3207236842105263
0.6151419558359621,0.32019704433497537
0.6151419558359621,0.319672131147541
0.6151419558359621,0.3191489361702128
0.6151419558359621,0.31862745098039214
0.6151419558359621,0.3181076672104405
0.6182965299684543,0.31921824104234525
0.6182965299684543,0.31869918699186994
0.6182965299684543,0.3181818181818182
0.6182965299684543,0.31766612641815234
0.6182965299684543,0.31715210355987056
0.6182965299684543,0.3166397415185784
0.6182965299684543,0.3161290322580645
0.6182965299684543,0.31561996779388085
0.6182965299684543,0.31511254019292606
0.6182965299684543,0.3146067415730337
0.6214511041009464,0.3157051282051282
0.6214511041009464,0.3152
0.6214511041009464,0.3146964856230032
0.6214511041009464,0.3141945773524721
0.6214511041009464,0.31369426751592355
0.6246056782334385,0.314785373608903
0.6246056782334385,0.3142857142857143
0.6277602523659306,0.3153724247226624
0.6277602523659306,0.314873417721519
0.6277602523659306,0.31437598736176936
0.6277602523659306,0.3138801261829653
0.6277602523659306,0.31338582677165355
0.6309148264984227,0.31446540880503143
0.6309148264984227,0.3139717425431711
0.6309148264984227,0.31347962382445144
0.6309148264984227,0.3129890453834116
0.6309148264984227,0.3125
0.6309148264984227,0.31201248049922
0.6309148264984227,0.3115264797507788
0.6309148264984227,0.3110419906687403
0.6340694006309149,0.31211180124223603
0.6340694006309149,0.3116279069767442
0.6340694006309149,0.3111455108359133
0.6340694006309149,0.3106646058732612
0.6340694006309149,0.3101851851851852
0.6340694006309149,0.30970724191063176
0.6340694006309149,0.30923076923076925
0.6340694006309149,0.3087557603686636
0.6340694006309149,0.30828220858895705
0.6340694006309149,0.30781010719754975
0.6340694006309149,0.3073394495412844
0.6340694006309149,0.3068702290076336
0.637223974763407,0.3079268292682927
0.637223974763407,0.3074581430745814
0.637223974763407,0.3069908814589666
0.637223974763407,0.30652503793626706
0.637223974763407,0.30606060606060603
0.6403785488958991,0.3071104387291982
0.6403785488958991,0.3066465256797583
0.6435331230283912,0.3076923076923077
0.6435331230283912,0.3072289156626506
0.6435331230283912,0.3067669172932331
0.6435331230283912,0.3063063063063063
0.6435331230283912,0.3058470764617691
0.6435331230283912,0.30538922155688625
0.6435331230283912,0.30493273542600896
0.6435331230283912,0.3044776119402985
0.6435331230283912,0.30402384500745155
0.6435331230283912,0.30357142857142855
0.6435331230283912,0.3031203566121842
0.6466876971608833,0.30415430267062316
0.6466876971608833,0.3037037037037037
0.6466876971608833,0.3032544378698225
0.6498422712933754,0.30428360413589367
0.6498422712933754,0.30383480825958703
0.6498422712933754,0.30338733431516934
0.6498422712933754,0.3029411764705882
0.6498422712933754,0.302496328928047
0.6498422712933754,0.3020527859237537
0.6498422712933754,0.30161054172767204
0.6529968454258676,0.3026315789473684
0.6529968454258676,0.3021897810218978
0.6529968454258676,0.30174927113702626
0.6561514195583596,0.3027656477438137
0.6593059936908517,0.30377906976744184
0.6593059936908517,0.3033381712626996
0.6624605678233438,0.30434782608695654
0.6624605678233438,0.30390738060781475
0.6624605678233438,0.30346820809248554
0.6624605678233438,0.30303030303030304
0.6624605678233438,0.3025936599423631
0.6624605678233438,0.302158273381295
0.6624605678233438,0.3017241379310345
0.6624605678233438,0.3012912482065997
0.6624605678233438,0.3008595988538682
0.6624605678233438,0.30042918454935624
0.6624605678233438,0.3
0.6624605678233438,0.2995720399429387
0.6624605678233438,0.29914529914529914
0.6624605678233438,0.29871977240398295
0.6624605678233438,0.29829545454545453
0.6624605678233438,0.2978723404255319
0.6624605678233438,0.29745042492917845
0.6624605678233438,0.297029702970297
0.6624605678233438,0.2966101694915254
0.6624605678233438,0.29619181946403383
0.6656151419558359,0.2971830985915493
0.6656151419558359,0.2967651195499297
0.6656151419558359,0.29634831460674155
0.6656151419558359,0.2959326788218794
0.6656151419558359,0.29551820728291317
0.6656151419558359,0.2951048951048951
0.6656151419558359,0.2946927374301676
0.6656151419558359,0.29428172942817293
0.668769716088328,0.29526462395543174
0.668769716088328,0.2948539638386648
0.668769716088328,0.29444444444444445
0.668769716088328,0.29403606102635227
0.668769716088328,0.29362880886426596
0.668769716088328,0.29322268326417705
0.6719242902208202,0.2941988950276243
0.6719242902208202,0.29379310344827586
0.6719242902208202,0.29338842975206614
0.6719242902208202,0.29298486932599727
0.6719242902208202,0.2925824175824176
0.6719242902208202,0.29218106995884774
0.6719242902208202,0.29178082191780824
0.6719242902208202,0.2913816689466484
0.6719242902208202,0.29098360655737704
0.6719242902208202,0.29058663028649384
0.6750788643533123,0.29155313351498635
0.6750788643533123,0.291156462585034
0.6750788643533123,0.2907608695652174
0.6750788643533123,0.2903663500678426
0.6750788643533123,0.2899728997289973
0.6750788643533123,0.2895805142083897
0.6750788643533123,0.2891891891891892
0.6750788643533123,0.28879892037786775
0.6750788643533123,0.2884097035040431
0.6750788643533123,0.288021534320323
0.6750788643533123,0.28763440860215056
0.6750788643533123,0.287248322147651
0.6750788643533123,0.2868632707774799
0.6750788643533123,0.28647925033467203
0.6782334384858044,0.2874331550802139
0.6782334384858044,0.2870493991989319
0.6782334384858044,0.2866666666666667
0.6782334384858044,0.2862849533954727
0.6782334384858044,0.2859042553191489
0.6782334384858044,0.2855245683930943
0.6782334384858044,0.28514588859416445
0.6782334384858044,0.2847682119205298
0.6782334384858044,0.2843915343915344
0.6782334384858044,0.28401585204755614
0.6782334384858044,0.2836411609498681
0.6782334384858044,0.28326745718050067
0.6782334384858044,0.28289473684210525
0.6782334384858044,0.28252299605781866
0.6782334384858044,0.2821522309711286
0.6782334384858044,0.2817824377457405
0.6782334384858044,0.281413612565445
0.6782334384858044,0.28104575163398693
0.6782334384858044,0.28067885117493474
0.6782334384858044,0.2803129074315515
0.6782334384858044,0.2799479166666667
0.6782334384858044,0.2795838751625488
0.6782334384858044,0.2792207792207792
0.6782334384858044,0.2788586251621271
0.6782334384858044,0.27849740932642486
0.6782334384858044,0.278137128072445
0.6782334384858044,0.2777777777777778
0.6782334384858044,0.27741935483870966
0.6782334384858044,0.2770618556701031
0.6782334384858044,0.2767052767052767
0.6782334384858044,0.2763496143958869
0.6782334384858044,0.27599486521181
0.6782334384858044,0.27564102564102566
0.6782334384858044,0.2752880921895006
0.6782334384858044,0.2749360613810742
0.6782334384858044,0.27458492975734355
0.6782334384858044,0.274234693877551
0.6782334384858044,0.27388535031847133
0.6782334384858044,0.27353689567430023
0.6782334384858044,0.2731893265565438
0.6782334384858044,0.27284263959390864
0.6782334384858044,0.27249683143219267
0.6782334384858044,0.2721518987341772
0.6782334384858044,0.2718078381795196
0.6782334384858044,0.27146464646464646
0.6782334384858044,0.27112232030264816
0.6782334384858044,0.2707808564231738
0.6782334384858044,0.27044025157232704
0.6782334384858044,0.2701005025125628
0.6782334384858044,0.2697616060225847
0.6782334384858044,0.2694235588972431
0.6782334384858044,0.2690863579474343
0.6782334384858044,0.26875
0.6782334384858044,0.26841448189762795
0.6813880126182965,0.26932668329177056
0.6813880126182965,0.26899128268991285
0.6813880126182965,0.26865671641791045
0.6813880126182965,0.2683229813664596
0.6813880126182965,0.2679900744416873
0.6813880126182965,0.26765799256505574
0.6813880126182965,0.26732673267326734
0.6813880126182965,0.2669962917181706
0.6813880126182965,0.26666666666666666
0.6813880126182965,0.26633785450061653
0.6813880126182965,0.2660098522167488
0.6813880126182965,0.2656826568265683
0.6813880126182965,0.26535626535626533
0.6813880126182965,0.2650306748466258
0.6813880126182965,0.2647058823529412
0.6813880126182965,0.26438188494492043
0.6813880126182965,0.26405867970660146
0.6813880126182965,0.26373626373626374
0.6813880126182965,0.2634146341463415
0.6813880126182965,0.2630937880633374
0.6813880126182965,0.26277372262773724
0.6813880126182965,0.2624544349939247
0.6813880126182965,0.2621359223300971
0.6813880126182965,0.26181818181818184
0.6813880126182965,0.26150121065375304
0.6813880126182965,0.26118500604594924
0.6813880126182965,0.2608695652173913
0.6813880126182965,0.2605548854041013
0.6813880126182965,0.26024096385542167
0.6813880126182965,0.259927797833935
0.6813880126182965,0.25961538461538464
0.6813880126182965,0.25930372148859543
0.6813880126182965,0.2589928057553957
0.6813880126182965,0.25868263473053893
0.6813880126182965,0.2583732057416268
0.6813880126182965,0.25806451612903225
0.6813880126182965,0.2577565632458234
0.6813880126182965,0.25744934445768775
0.6813880126182965,0.2571428571428571
0.6813880126182965,0.2568370986920333
0.6813880126182965,0.25653206650831356
0.6813880126182965,0.25622775800711745
0.6813880126182965,0.2559241706161137
0.6813880126182965,0.2556213017751479
0.6813880126182965,0.2553191489361702
0.6813880126182965,0.2550177095631641
0.6813880126182965,0.25471698113207547
0.6813880126182965,0.254416961130742
0.6813880126182965,0.2541176470588235
0.6813880126182965,0.25381903642773207
0.6813880126182965,0.2535211267605634
0.6813880126182965,0.2532239155920281
0.6813880126182965,0.2529274004683841
0.6813880126182965,0.25263157894736843
0.6813880126182965,0.2523364485981308
0.6813880126182965,0.25204200700116686
0.6813880126182965,0.2517482517482518
0.6813880126182965,0.25145518044237486
0.6813880126182965,0.25116279069767444
0.6813880126182965,0.2508710801393728
0.6813880126182965,0.2505800464037123
0.6813880126182965,0.25028968713789107
0.6813880126182965,0.25
0.6813880126182965,0.24971098265895952
0.6813880126182965,0.24942263279445728
0.6845425867507886,0.2502883506343714
0.6845425867507886,0.25
0.6845425867507886,0.24971231300345226
0.6845425867507886,0.24942528735632183
0.6845425867507886,0.24913892078071181
0.6845425867507886,0.24885321100917432
0.6845425867507886,0.24856815578465064
0.6845425867507886,0.2482837528604119
0.6845425867507886,0.248
0.6845425867507886,0.24771689497716895
0.6876971608832808,0.24857468643101482
0.6876971608832808,0.24829157175398633
0.6876971608832808,0.24800910125142206
0.6876971608832808,0.24772727272727274
0.6876971608832808,0.2474460839954597
0.6908517350157729,0.24829931972789115
0.6908517350157729,0.2480181200453001
0.6908517350157729,0.24773755656108598
0.6908517350157729,0.24745762711864408
0.6908517350157729,0.24717832957110608
0.6908517350157729,0.24689966178128522
0.6908517350157729,0.24662162162162163
0.6908517350157729,0.24634420697412823
0.6908517350157729,0.24606741573033708
0.694006309148265,0.24691358024691357
0.694006309148265,0.24663677130044842
0.694006309148265,0.24636058230683092
0.694006309148265,0.24608501118568232
0.694006309148265,0.24581005586592178
0.694006309148265,0.24553571428571427
0.694006309148265,0.24526198439241917
0.694006309148265,0.24498886414253898
0.694006309148265,0.2447163515016685
0.694006309148265,0.24444444444444444
0.694006309148265,0.244173140954495
0.694006309148265,0.24390243902439024
0.694006309148265,0.24363233665559247
0.694006309148265,0.24336283185840707
0.694006309148265,0.2430939226519337
0.694006309148265,0.24282560706401765
0.694006309148265,0.24255788313120177
0.694006309148265,0.2422907488986784
0.694006309148265,0.24202420242024203
0.694006309148265,0.24175824175824176
0.694006309148265,0.2414928649835346
0.694006309148265,0.2412280701754386
0.694006309148265,0.24096385542168675
0.694006309148265,0.24070021881838075
0.694006309148265,0.24043715846994534
0.694006309148265,0.24017467248908297
0.694006309148265,0.23991275899672845
0.694006309148265,0.23965141612200436
0.694006309148265,0.23939064200217627
0.694006309148265,0.2391304347826087
0.694006309148265,0.23887079261672095
0.6971608832807571,0.23969631236442515
0.6971608832807571,0.23943661971830985
0.6971608832807571,0.23917748917748918
0.7003154574132492,0.24
0.7003154574132492,0.23974082073434125
0.7003154574132492,0.23948220064724918
0.7003154574132492,0.23922413793103448
0.7003154574132492,0.23896663078579117
0.7003154574132492,0.23870967741935484
0.7003154574132492,0.23845327604726102
0.7003154574132492,0.23819742489270387
0.7003154574132492,0.2379421221864952
0.7003154574132492,0.23768736616702354
0.7003154574132492,0.2374331550802139
0.7003154574132492,0.23717948717948717
0.7003154574132492,0.23692636072572038
0.7003154574132492,0.23667377398720682
0.7003154574132492,0.2364217252396166
0.7003154574132492,0.23617021276595745
0.7003154574132492,0.2359192348565356
0.7003154574132492,0.2356687898089172
0.7003154574132492,0.2354188759278897
0.7003154574132492,0.23516949152542374
0.7003154574132492,0.23492063492063492
0.7003154574132492,0.2346723044397463
0.7003154574132492,0.23442449841605068
0.7003154574132492,0.23417721518987342
0.7003154574132492,0.2339304531085353
0.7003154574132492,0.2336842105263158
0.7003154574132492,0.2334384858044164
0.7003154574132492,0.23319327731092437
0.7003154574132492,0.23294858342077648
0.7003154574132492,0.23270440251572327
0.7003154574132492,0.2324607329842932
0.7003154574132492,0.23221757322175732
0.7003154574132492,0.23197492163009403
0.7003154574132492,0.23173277661795408
0.7003154574132492,0.23149113660062565
0.7003154574132492,0.23125
0.7003154574132492,0.23100936524453694
0.7003154574132492,0.23076923076923078
0.7003154574132492,0.23052959501557632
0.7003154574132492,0.23029045643153526
0.7003154574132492,0.23005181347150258
0.7003154574132492,0.22981366459627328
0.7003154574132492,0.2295760082730093
0.7003154574132492,0.22933884297520662
0.7003154574132492,0.22910216718266255
0.7003154574132492,0.2288659793814433
0.7034700315457413,0.22966014418125644
0.7034700315457413,0.2294238683127572
0.7034700315457413,0.22918807810894143
0.7034700315457413,0.22895277207392198
0.7034700315457413,0.2287179487179487
0.7034700315457413,0.22848360655737704
0.7034700315457413,0.22824974411463664
0.7034700315457413,0.2280163599182004
0.7034700315457413,0.22778345250255363
0.7034700315457413,0.22755102040816327
0.7066246056782335,0.22833843017329256
0.7066246056782335,0.22810590631364563
0.7066246056782335,0.2278738555442523
0.7066246056782335,0.22764227642276422
0.7066246056782335,0.22741116751269036
0.7066246056782335,0.22718052738336714
0.7066246056782335,0.22695035460992907
0.7066246056782335,0.22672064777327935
0.7066246056782335,0.22649140546006066
0.7066246056782335,0.22626262626262628
0.7066246056782335,0.2260343087790111
0.7066246056782335,0.22580645161290322
0.7066246056782335,0.2255790533736153
0.7066246056782335,0.22535211267605634
0.7066246056782335,0.22512562814070353
0.7066246056782335,0.2248995983935743
0.7066246056782335,0.2246740220661986
0.7066246056782335,0.22444889779559118
0.7066246056782335,0.22422422422422422
0.7066246056782335,0.224
0.7066246056782335,0.22377622377622378
0.7097791798107256,0.2245508982035928
0.7097791798107256,0.22432701894317048
0.7097791798107256,0.2241035856573705
0.7097791798107256,0.22388059701492538
0.7097791798107256,0.22365805168986083
0.7097791798107256,0.2234359483614697
0.7097791798107256,0.22321428571428573
0.7097791798107256,0.22299306243805747
0.7097791798107256,0.22277227722772278
0.7097791798107256,0.22255192878338279
0.7097791798107256,0.22233201581027667
0.7097791798107256,0.22211253701875616
0.7097791798107256,0.22189349112426035
0.7129337539432177,0.22266009852216748
0.7129337539432177,0.22244094488188976
0.7129337539432177,0.2222222222222222
0.7129337539432177,0.2220039292730845
0.7129337539432177,0.22178606476938176
0.7129337539432177,0.22156862745098038
0.7129337539432177,0.22135161606268364
0.7129337539432177,0.22113502935420742
0.7129337539432177,0.2209188660801564
0.7129337539432177,0.220703125
0.7129337539432177,0.22048780487804878
0.7129337539432177,0.2202729044834308
0.7129337539432177,0.22005842259006816
0.7129337539432177,0.2198443579766537
0.7129337539432177,0.2196307094266278
0.7129337539432177,0.21941747572815534
0.7129337539432177,0.2192046556741028
0.7129337539432177,0.2189922480620155
0.7129337539432177,0.21878025169409487
0.7129337539432177,0.218568665377176
0.7129337539432177,0.21835748792270532
0.7129337539432177,0.21814671814671815
0.7129337539432177,0.21793635486981677
0.7129337539432177,0.21772639691714837
0.7129337539432177,0.21751684311838307
0.7129337539432177,0.2173076923076923
0.7129337539432177,0.21709894332372717
0.7129337539432177,0.21689059500959693
0.7129337539432177,0.21668264621284755
0.7129337539432177,0.2164750957854406
0.7129337539432177,0.21626794258373205
0.7129337539432177,0.21606118546845124
0.7129337539432177,0.21585482330468003
0.7129337539432177,0.21564885496183206
0.7129337539432177,0.21544327931363202
0.7129337539432177,0.21523809523809523
0.7129337539432177,0.21503330161750714
0.7129337539432177,0.21482889733840305
0.7129337539432177,0.21462488129154797
0.7129337539432177,0.2144212523719165
0.7129337539432177,0.21421800947867298
0.7129337539432177,0.21401515151515152
0.7129337539432177,0.21381267738883633
0.7129337539432177,0.21361058601134217
0.7129337539432177,0.21340887629839472
0.7129337539432177,0.21320754716981133
0.7129337539432177,0.21300659754948162
0.7129337539432177,0.2128060263653484
0.7129337539432177,0.21260583254938853
0.7129337539432177,0.212406015037594
0.7129337539432177,0.21220657276995306
0.7129337539432177,0.21200750469043153
0.7129337539432177,0.21180880974695407
0.7129337539432177,0.21161048689138576
0.7129337539432177,0.21141253507951357
0.7129337539432177,0.21121495327102804
0.7129337539432177,0.21101774042950514
0.7129337539432177,0.21082089552238806
0.7129337539432177,0.21062441752096925
0.7129337539432177,0.21042830540037244
0.7129337539432177,0.2102325581395349
0.7129337539432177,0.2100371747211896
0.7129337539432177,0.20984215413184773
0.7129337539432177,0.20964749536178107
0.7129337539432177,0.20945319740500462
0.7129337539432177,0.20925925925925926
0.7129337539432177,0.20906567992599445
0.7129337539432177,0.2088724584103512
0.7129337539432177,0.20867959372114497
0.7129337539432177,0.20848708487084872
0.7129337539432177,0.20829493087557605
0.7129337539432177,0.20810313075506445
0.7129337539432177,0.20791168353265868
0.7129337539432177,0.20772058823529413
0.7129337539432177,0.20752984389348025
0.7129337539432177,0.20733944954128442
0.7129337539432177,0.2071494042163153
0.7129337539432177,0.20695970695970695
0.7129337539432177,0.20677035681610248
0.7129337539432177,0.20658135283363802
0.7129337539432177,0.20639269406392693
0.7129337539432177,0.2062043795620438
0.7129337539432177,0.20601640838650867
0.7129337539432177,0.2058287795992714
0.7129337539432177,0.20564149226569609
0.7129337539432177,0.20545454545454545
0.7129337539432177,0.2052679382379655
0.7129337539432177,0.20508166969147004
0.7129337539432177,0.20489573889392565
0.7129337539432177,0.20471014492753623
0.7129337539432177,0.20452488687782805
0.7129337539432177,0.20433996383363473
0.7129337539432177,0.2041553748870822
0.7129337539432177,0.20397111913357402
0.7129337539432177,0.2037871956717764
0.7129337539432177,0.2036036036036036
0.7129337539432177,0.20342034203420342
0.7129337539432177,0.20323741007194246
0.7129337539432177,0.20305480682839172
0.7129337539432177,0.20287253141831238
0.7129337539432177,0.20269058295964126
0.7129337539432177,0.2025089605734767
0.7129337539432177,0.20232766338406447
0.7129337539432177,0.20214669051878353
0.7129337539432177,0.20196604110813227
0.7129337539432177,0.2017857142857143
0.7129337539432177,0.2016057091882248
0.7129337539432177,0.2014260249554367
0.7129337539432177,0.201246660730187
0.7160883280757098,0.20195729537366547
0.7160883280757098,0.20177777777777778
0.7160883280757098,0.20159857904085257
0.7160883280757098,0.20141969831410825
0.7160883280757098,0.20124113475177305
0.7160883280757098,0.20106288751107174
0.7160883280757098,0.20088495575221238
0.7160883280757098,0.20070733863837312
0.7160883280757098,0.20053003533568906
0.7160883280757098,0.2003530450132392
0.7160883280757098,0.2001763668430335
0.7160883280757098,0.2
0.7160883280757098,0.19982394366197184
0.7160883280757098,0.1996481970096746
0.7160883280757098,0.19947275922671354
0.7160883280757098,0.199297629499561
0.7160883280757098,0.19912280701754387
0.7160883280757098,0.19894829097283084
0.7160883280757098,0.1987740805604203
0.7160883280757098,0.19860017497812774
0.7160883280757098,0.19842657342657344
0.7160883280757098,0.19825327510917032
0.7160883280757098,0.1980802792321117
0.7160883280757098,0.1979075850043592
0.7160883280757098,0.19773519163763068
0.7160883280757098,0.19756309834638816
0.7160883280757098,0.1973913043478261
0.7160883280757098,0.19721980886185925
0.7160883280757098,0.1970486111111111
0.7160883280757098,0.19687771032090198
0.7160883280757098,0.19670710571923744
0.7160883280757098,0.19653679653679654
0.7160883280757098,0.19636678200692043
0.7160883280757098,0.1961970613656007
0.7160883280757098,0.19602763385146804
0.7160883280757098,0.19585849870578084
0.7160883280757098,0.1956896551724138
0.7160883280757098,0.19552110249784668
0.7160883280757098,0.19535283993115318
0.7160883280757098,0.1951848667239897
0.7160883280757098,0.1950171821305842
0.7192429022082019,0.19570815450643778
0.7192429022082019,0.1955403087478559
0.7192429022082019,0.1953727506426735
0.7192429022082019,0.1952054794520548
0.7192429022082019,0.19503849443969204
0.7192429022082019,0.19487179487179487
0.7192429022082019,0.19470538001707943
0.7192429022082019,0.1945392491467577
0.7192429022082019,0.19437340153452684
0.7192429022082019,0.19420783645655879
0.7192429022082019,0.19404255319148936
0.7192429022082019,0.19387755102040816
0.7192429022082019,0.1937128292268479
0.7192429022082019,0.1935483870967742
0.7192429022082019,0.19338422391857507
0.7192429022082019,0.19322033898305085
0.7192429022082019,0.1930567315834039
0.7192429022082019,0.19289340101522842
0.7192429022082019,0.19273034657650043
0.722397476340694,0.19341216216216217
0.722397476340694,0.19324894514767932
0.722397476340694,0.19308600337268128
0.722397476340694,0.19292333614153329
0.722397476340694,0.19276094276094277
0.722397476340694,0.19259882253994953
0.722397476340694,0.19243697478991598
0.722397476340694,0.19227539882451722
0.722397476340694,0.19211409395973153
0.722397476340694,0.19195305951383068
0.722397476340694,0.19179229480737017
0.722397476340694,0.1916317991631799
0.722397476340694,0.19147157190635453
0.722397476340694,0.19131161236424393
0.722397476340694,0.1911519198664441
0.722397476340694,0.19099249374478733
0.722397476340694,0.19083333333333333
0.722397476340694,0.1906744379683597
0.722397476340694,0.19051580698835274
0.722397476340694,0.19035743973399832
0.722397476340694,0.19019933554817275
0.722397476340694,0.1900414937759336
0.722397476340694,0.18988391376451078
0.722397476340694,0.18972659486329743
0.7255520504731862,0.19039735099337748
0.7255520504731862,0.1902398676592225
0.7255520504731862,0.19008264462809918
0.7255520504731862,0.18992568125516102
0.7255520504731862,0.18976897689768976
0.7255520504731862,0.18961253091508656
0.7255520504731862,0.18945634266886327
0.7255520504731862,0.18930041152263374
0.7255520504731862,0.18914473684210525
0.7255520504731862,0.18898931799506985
0.7255520504731862,0.18883415435139572
0.7255520504731862,0.18867924528301888
0.7255520504731862,0.1885245901639344
0.7255520504731862,0.18837018837018837
0.7255520504731862,0.18821603927986907
0.7255520504731862,0.18806214227309895
0.7255520504731862,0.18790849673202614
0.7255520504731862,0.18775510204081633
0.7255520504731862,0.18760195758564438
0.7255520504731862,0.18744906275468623
0.7255520504731862,0.18729641693811075
0.7255520504731862,0.1871440195280716
0.7255520504731862,0.18699186991869918
0.7255520504731862,0.1868399675060926
0.7255520504731862,0.18668831168831168
0.7255520504731862,0.18653690186536903
0.7255520504731862,0.18638573743922204
0.7255520504731862,0.1862348178137652
0.7255520504731862,0.18608414239482202
0.7255520504731862,0.18593371059013744
0.7255520504731862,0.18578352180936994
0.7255520504731862,0.18563357546408393
0.7255520504731862,0.18548387096774194
0.7255520504731862,0.185334407735697
0.7255520504731862,0.18518518518518517
0.7255520504731862,0.1850362027353178
0.7255520504731862,0.18488745980707397
0.7255520504731862,0.18473895582329317
0.7255520504731862,0.18459069020866772
0.7255520504731862,0.18444266238973536
0.7255520504731862,0.1842948717948718
0.7255520504731862,0.18414731785428343
0.7255520504731862,0.184
0.7255520504731862,0.1838529176658673
0.7255520504731862,0.18370607028753994
0.7255520504731862,0.18355945730247406
0.7255520504731862,0.18341307814992025
0.7255520504731862,0.18326693227091634
0.7255520504731862,0.18312101910828024
0.7255520504731862,0.18297533810660302
0.7255520504731862,0.18282988871224165
0.7255520504731862,0.18268467037331215
0.7255520504731862,0.18253968253968253
0.7255520504731862,0.1823949246629659
0.7255520504731862,0.18225039619651348
0.7255520504731862,0.18210609659540775
0.7255520504731862,0.1819620253164557
0.7255520504731862,0.18181818181818182
0.7255520504731862,0.18167456556082148
0.7255520504731862,0.18153117600631413
0.7255520504731862,0.18138801261829654
0.7255520504731862,0.18124507486209615
0.7255520504731862,0.18110236220472442
0.7255520504731862,0.1809598741148702
0.7255520504731862,0.18081761006289307
0.7255520504731862,0.18067556952081698
0.7255520504731862,0.18053375196232338
0.7255520504731862,0.1803921568627451
0.7255520504731862,0.18025078369905956
0.7255520504731862,0.18010963194988253
0.7255520504731862,0.17996870109546165
0.7255520504731862,0.17982799061767005
0.7255520504731862,0.1796875
0.7255520504731862,0.1795472287275566
0.7255520504731862,0.1794071762870515
0.7255520504731862,0.17926734216679657
0.7255520504731862,0.1791277258566978
0.7255520504731862,0.17898832684824903
0.7287066246056783,0.1796267496111975
0.7287066246056783,0.1794871794871795
0.7287066246056783,0.1793478260869565
0.7318611987381703,0.1799844840961986
0.7318611987381703,0.17984496124031008
0.7318611987381703,0.17970565453137102
0.7318611987381703,0.17956656346749225
0.7318611987381703,0.1794276875483372
0.7318611987381703,0.17928902627511592
0.7318611987381703,0.17915057915057914
0.7318611987381703,0.17901234567901234
0.7318611987381703,0.17887432536622977
0.7318611987381703,0.17873651771956856
0.7318611987381703,0.17859892224788299
0.7318611987381703,0.17846153846153845
0.7318611987381703,0.17832436587240585
0.7318611987381703,0.1781874039938556
0.7318611987381703,0.1780506523407521
0.7318611987381703,0.17791411042944785
0.7318611987381703,0.17777777777777778
0.7318611987381703,0.1776416539050536
0.7318611987381703,0.17750573833205815
0.7318611987381703,0.17737003058103976
0.7318611987381703,0.17723453017570664
0.7318611987381703,0.17709923664122137
0.7318611987381703,0.17696414950419528
0.7318611987381703,0.17682926829268292
0.7318611987381703,0.1766945925361767
0.7318611987381703,0.1765601217656012
0.7318611987381703,0.17642585551330797
0.7318611987381703,0.1762917933130699
0.7318611987381703,0.17615793470007593
0.7318611987381703,0.17602427921092564
0.7318611987381703,0.17589082638362397
0.7318611987381703,0.17575757575757575
0.7318611987381703,0.17562452687358063
0.7318611987381703,0.17549167927382753
0.7318611987381703,0.17535903250188964
0.7318611987381703,0.17522658610271905
0.7318611987381703,0.1750943396226415
0.7318611987381703,0.17496229260935142
0.7318611987381703,0.17483044461190655
0.7318611987381703,0.1746987951807229
0.7318611987381703,0.1745673438675696
0.7318611987381703,0.17443609022556392
0.7318611987381703,0.17430503380916604
0.7318611987381703,0.17417417417417416
0.7318611987381703,0.17404351087771944
0.7318611987381703,0.17391304347826086
0.7318611987381703,0.17378277153558053
0.7318611987381703,0.17365269461077845
0.7318611987381703,0.17352281226626776
0.7318611987381703,0.17339312406576982
0.7318611987381703,0.17326362957430919
0.7318611987381703,0.17313432835820897
0.7318611987381703,0.17300521998508575
0.7318611987381703,0.17287630402384502
0.7318611987381703,0.1727475800446761
0.7318611987381703,0.17261904761904762
0.7318611987381703,0.1724907063197026
0.7318611987381703,0.1723625557206538
0.7318611987381703,0.17223459539717892
0.7318611987381703,0.17210682492581603
0.7318611987381703,0.17197924388435878
0.7318611987381703,0.17185185185185184
0.7318611987381703,0.17172464840858623
0.7318611987381703,0.17159763313609466
0.7318611987381703,0.1714708056171471
0.7318611987381703,0.17134416543574593
0.7318611987381703,0.17121771217712178
0.7318611987381703,0.1710914454277286
0.7318611987381703,0.1709653647752395
0.7318611987381703,0.17083946980854198
0.7318611987381703,0.17071376011773362
0.7318611987381703,0.17058823529411765
0.7318611987381703,0.1704628949301984
0.7318611987381703,0.17033773861967694
0.7318611987381703,0.1702127659574468
0.7318611987381703,0.17008797653958943
0.7318611987381703,0.16996336996336997
0.7318611987381703,0.1698389458272328
0.7318611987381703,0.16971470373079736
0.7318611987381703,0.1695906432748538
0.7318611987381703,0.16946676406135866
0.7318611987381703,0.16934306569343066
0.7318611987381703,0.16921954777534645
0.7318611987381703,0.16909620991253643
0.7318611987381703,0.16897305171158047
0.7318611987381703,0.16885007278020378
0.7318611987381703,0.16872727272727273
0.7318611987381703,0.1686046511627907
0.7318611987381703,0.16848220769789396
0.7318611987381703,0.1683599419448476
0.7350157728706624,0.16896301667875271
0.7350157728706624,0.16884057971014493
0.7350157728706624,0.16871832005792903
0.7350157728706624,0.16859623733719248
0.7350157728706624,0.16847433116413593
0.7350157728706624,0.16835260115606937
0.7350157728706624,0.16823104693140795
0.7350157728706624,0.1681096681096681
0.7350157728706624,0.16798846431146358
0.7350157728706624,0.16786743515850144
0.7350157728706624,0.1677465802735781
0.7350157728706624,0.16762589928057553
0.7350157728706624,0.16750539180445723
0.7350157728706624,0.16738505747126436
0.7350157728706624,0.167264895908112
0.7350157728706624,0.16714490674318508
0.7350157728706624,0.16702508960573476
0.7350157728706624,0.1669054441260745
0.7350157728706624,0.16678596993557623
0.7350157728706624,0.16666666666666666
0.7350157728706624,0.16654753395282346
0.7350157728706624,0.16642857142857143
0.7350157728706624,0.16630977872947894
0.7350157728706624,0.16619115549215407
0.7350157728706624,0.1660727013542409
0.7350157728706624,0.16595441595441596
0.7350157728706624,0.16583629893238433
0.7350157728706624,0.16571834992887624
0.7350157728706624,0.1656005685856432
0.7350157728706624,0.16548295454545456
0.7350157728706624,0.1653655074520937
0.7350157728706624,0.1652482269503546
0.7350157728706624,0.16513111268603828
0.7350157728706624,0.165014164305949
0.7350157728706624,0.164897381457891
0.7350157728706624,0.16478076379066478
0.7350157728706624,0.16466431095406361
0.7350157728706624,0.16454802259887005
0.7350157728706624,0.16443189837685251
0.7350157728706624,0.16431593794076163
0.7350157728706624,0.164200140944327
0.7350157728706624,0.16408450704225352
0.7350157728706624,0.16396903589021816
0.7350157728706624,0.16385372714486637
0.7350157728706624,0.16373858046380885
0.7350157728706624,0.16362359550561797
0.7350157728706624,0.16350877192982455
0.7350157728706624,0.16339410939691446
0.7350157728706624,0.16327960756832516
0.7350157728706624,0.16316526610644258
0.7350157728706624,0.1630510846745976
0.7350157728706624,0.16293706293706295
0.7350157728706624,0.1628232005590496
0.7350157728706624,0.1627094972067039
0.7350157728706624,0.162595952547104
0.7381703470031545,0.16317991631799164
0.7381703470031545,0.16306620209059233
0.7381703470031545,0.16295264623955433
0.7381703470031545,0.162839248434238
0.7381703470031545,0.1627260083449235
0.7381703470031545,0.1626129256428075
0.7381703470031545,0.1625
0.7381703470031545,0.16238723108952116
0.7381703470031545,0.1622746185852982
0.7381703470031545,0.16216216216216217
0.7381703470031545,0.16204986149584488
0.7381703470031545,0.1619377162629758
0.7381703470031545,0.16182572614107885
0.7381703470031545,0.16171389080856946
0.7381703470031545,0.16160220994475138
0.7381703470031545,0.16149068322981366
0.7381703470031545,0.16137931034482758
0.7381703470031545,0.16126809097174363
0.7381703470031545,0.16115702479338842
0.7381703470031545,0.1610461114934618
0.7381703470031545,0.1609353507565337
0.7381703470031545,0.16082474226804125
0.7381703470031545,0.16071428571428573
0.7381703470031545,0.16060398078242966
0.7381703470031545,0.16049382716049382
0.7381703470031545,0.16038382453735436
0.7381703470031545,0.16027397260273973
0.7381703470031545,0.1601642710472279
0.7381703470031545,0.1600547195622435
0.7381703470031545,0.1599453178400547
0.7381703470031545,0.1598360655737705
0.7381703470031545,0.1597269624573379
0.7381703470031545,0.15961800818553887
0.7381703470031545,0.15950920245398773
0.7381703470031545,0.15940054495912806
0.7381703470031545,0.1592920353982301
0.7381703470031545,0.15918367346938775
0.7381703470031545,0.15907545887151597
0.7381703470031545,0.15896739130434784
0.7381703470031545,0.15885947046843177
0.7381703470031545,0.1587516960651289
0.7381703470031545,0.15864406779661017
0.7381703470031545,0.15853658536585366
0.7381703470031545,0.15842924847664183
0.7381703470031545,0.15832205683355885
0.7381703470031545,0.15821501014198783
0.7381703470031545,0.1581081081081081
0.7381703470031545,0.15800135043889263
0.7381703470031545,0.15789473684210525
0.7381703470031545,0.15778826702629806
0.7381703470031545,0.15768194070080863
0.7381703470031545,0.15757575757575756
0.7381703470031545,0.15746971736204576
0.7381703470031545,0.15736381977135172
0.7381703470031545,0.15725806451612903
0.7381703470031545,0.15715245130960376
0.7381703470031545,0.15704697986577182
0.7381703470031545,0.15694164989939638
0.7381703470031545,0.15683646112600536
0.7381703470031545,0.1567314132618888
0.7381703470031545,0.1566265060240964
0.7381703470031545,0.1565217391304348
0.7381703470031545,0.15641711229946523
0.7381703470031545,0.156312625250501
0.7381703470031545,0.15620827770360482
0.7381703470031545,0.1561040693795864
0.7381703470031545,0.156
0.7381703470031545,0.1558960692871419
0.7381703470031545,0.15579227696404793
0.7381703470031545,0.15568862275449102
0.7381703470031545,0.15558510638297873
0.7381703470031545,0.15548172757475084
0.7381703470031545,0.1553784860557769
0.7381703470031545,0.1552753815527538
0.7381703470031545,0.15517241379310345
0.7381703470031545,0.1550695825049702
0.7381703470031545,0.15496688741721854
0.7381703470031545,0.15486432825943083
0.7381703470031545,0.15476190476190477
0.7381703470031545,0.15465961665565103
0.7381703470031545,0.154557463672391
0.7381703470031545,0.15445544554455445
0.7381703470031545,0.15435356200527706
0.7381703470031545,0.15425181278839814
0.7381703470031545,0.1541501976284585
0.7381703470031545,0.15404871626069783
0.7381703470031545,0.15394736842105264
0.7381703470031545,0.15384615384615385
0.7381703470031545,0.15374507227332457
0.7381703470031545,0.15364412344057782
0.7381703470031545,0.15354330708661418
0.7381703470031545,0.15344262295081967
0.7381703470031545,0.15334207077326342
0.7381703470031545,0.15324165029469547
0.7381703470031545,0.1531413612565445
0.7413249211356467,0.15369522563767168
0.7413249211356467,0.15359477124183007
0.7413249211356467,0.1534944480731548
0.7413249211356467,0.15339425587467362
0.7413249211356467,0.1532941943900848
0.7413249211356467,0.15319426336375488
0.7413249211356467,0.15309446254071662
0.7413249211356467,0.15299479166666666
0.7413249211356467,0.15289525048796357
0.7413249211356467,0.1527958387516255
0.7413249211356467,0.15269655620532813
0.7413249211356467,0.1525974025974026
0.7413249211356467,0.15249837767683322
0.7413249211356467,0.15239948119325553
0.7413249211356467,0.152300712896954
0.7413249211356467,0.15220207253886012
0.7413249211356467,0.15210355987055016
0.7413249211356467,0.1520051746442432
0.7413249211356467,0.15190691661279895
0.7413249211356467,0.15180878552971577
0.7413249211356467,0.15171078114912848
0.7413249211356467,0.15161290322580645
0.7413249211356467,0.15151515151515152
0.7413249211356467,0.15141752577319587
0.7413249211356467,0.15132002575660014
0.7413249211356467,0.15122265122265122
0.7413249211356467,0.15112540192926044
0.7413249211356467,0.15102827763496143
0.7413249211356467,0.15093127809890816
0.7413249211356467,0.15083440308087293
0.7413249211356467,0.1507376523412444
0.7413249211356467,0.15064102564102563
0.7413249211356467,0.15054452274183217
0.7413249211356467,0.15044814340588988
0.7413249211356467,0.15035188739603328
0.7413249211356467,0.15025575447570333
0.7413249211356467,0.1501597444089457
0.7413249211356467,0.1500638569604087
0.7413249211356467,0.1499680918953414
0.7413249211356467,0.14987244897959184
0.7413249211356467,0.14977692797960485
0.7413249211356467,0.14968152866242038
0.7413249211356467,0.14958625079567156
0.7413249211356467,0.1494910941475827
0.7413249211356467,0.14939605848696758
0.7413249211356467,0.14930114358322744
0.7413249211356467,0.1492063492063492
0.7413249211356467,0.14911167512690354
0.7413249211356467,0.14901712111604312
0.7413249211356467,0.14892268694550062
0.7413249211356467,0.1488283723875871
0.7413249211356467,0.14873417721518986
0.7413249211356467,0.14864010120177104
0.7413249211356467,0.14854614412136535
0.7413249211356467,0.14845230574857865
0.7413249211356467,0.14835858585858586
0.7413249211356467,0.14826498422712933
0.7413249211356467,0.148171500630517
0.7413249211356467,0.14807813484562066
0.7413249211356467,0.14798488664987405
0.7413249211356467,0.14789175582127123
0.7413249211356467,0.14779874213836477
0.7413249211356467,0.147705845380264
0.7413249211356467,0.14761306532663315
0.7413249211356467,0.1475204017576899
0.7413249211356467,0.14742785445420326
0.7413249211356467,0.14733542319749215
0.7413249211356467,0.14724310776942356
0.7413249211356467,0.14715090795241076
0.7413249211356467,0.14705882352941177
0.7413249211356467,0.14696685428392744
0.7413249211356467,0.146875
0.7413249211356467,0.14678326046221113
0.7413249211356467,0.1466916354556804
0.7413249211356467,0.14660012476606363
0.7413249211356467,0.14650872817955113
0.7413249211356467,0.14641744548286603
0.7413249211356467,0.14632627646326277
0.7413249211356467,0.1462352209085252
0.7413249211356467,0.14614427860696516
0.7413249211356467,0.14605344934742076
0.7413249211356467,0.14596273291925466
0.7413249211356467,0.1458721291123526
0.7413249211356467,0.14578163771712158
0.7413249211356467,0.14569125852448853
0.7413249211356467,0.14560099132589838
0.7413249211356467,0.14551083591331268
0.7413249211356467,0.1454207920792079
0.7413249211356467,0.1453308596165739
0.7413249211356467,0.14524103831891225
0.7413249211356467,0.14515132798023472
0.7413249211356467,0.14506172839506173
0.7413249211356467,0.14497223935842074
0.7413249211356467,0.14488286066584463
0.7413249211356467,0.1447935921133703
0.7413249211356467,0.14470443349753695
0.7413249211356467,0.14461538461538462
0.7413249211356467,0.14452644526445266
0.7413249211356467,0.14443761524277812
0.7413249211356467,0.14434889434889434
0.7413249211356467,0.14426028238182934
0.7413249211356467,0.1441717791411043
0.7413249211356467,0.14408338442673208
0.7413249211356467,0.14399509803921567
0.7413249211356467,0.14390691977954684
0.7413249211356467,0.1438188494492044
0.7413249211356467,0.1437308868501529
0.7413249211356467,0.14364303178484109
0.7413249211356467,0.14355528405620036
0.7413249211356467,0.14346764346764346
0.7413249211356467,0.14338010982306285
0.7413249211356467,0.14329268292682926
0.7413249211356467,0.14320536258379038
0.7413249211356467,0.1431181485992692
0.7413249211356467,0.1430310407790627
0.7413249211356467,0.14294403892944038
0.7413249211356467,0.14285714285714285
0.7413249211356467,0.14277035236938032
0.7413249211356467,0.14268366727383122
0.7413249211356467,0.14259708737864077
0.7413249211356467,0.14251061249241964
0.7413249211356467,0.14242424242424243
0.7413249211356467,0.14233797698364628
0.7413249211356467,0.14225181598062955
0.7413249211356467,0.14216575922565033
0.7413249211356467,0.14207980652962515
0.7413249211356467,0.1419939577039275
0.7413249211356467,0.14190821256038647
0.7413249211356467,0.14182257091128544
0.7413249211356467,0.14173703256936068
0.7413249211356467,0.1416515973477999
0.7413249211356467,0.14156626506024098
0.7413249211356467,0.14148103552077063
0.7413249211356467,0.14139590854392298
0.7413249211356467,0.1413108839446783
0.7413249211356467,0.14122596153846154
0.7413249211356467,0.14114114114114115
0.7413249211356467,0.14105642256902762
0.7413249211356467,0.14097180563887224
0.7413249211356467,0.14088729016786572
0.7413249211356467,0.14080287597363692
0.7413249211356467,0.1407185628742515
0.7413249211356467,0.14063435068821065
0.7413249211356467,0.14055023923444976
0.7413249211356467,0.14046622833233713
0.7413249211356467,0.14038231780167265
0.7413249211356467,0.14029850746268657
0.7413249211356467,0.14021479713603818
0.7413249211356467,0.14013118664281454
0.7413249211356467,0.1400476758045292
0.7413249211356467,0.1399642644431209
0.7413249211356467,0.13988095238095238
0.7413249211356467,0.13979773944080903
0.7413249211356467,0.13971462544589774
0.7413249211356467,0.13963161021984552
0.7413249211356467,0.13954869358669833
0.7413249211356467,0.1394658753709199
0.7413249211356467,0.13938315539739027
0.7413249211356467,0.13930053349140487
0.7413249211356467,0.139218009478673
0.7413249211356467,0.13913558318531677
0.7413249211356467,0.1390532544378698
0.7413249211356467,0.13897102306327616
0.7413249211356467,0.1388888888888889
0.7413249211356467,0.13880685174246898
0.7413249211356467,0.13872491145218419
0.7413249211356467,0.13864306784660768
0.7413249211356467,0.13856132075471697
0.7413249211356467,0.13847967000589276
0.7413249211356467,0.13839811542991756
0.7413249211356467,0.1383166568569747
0.7413249211356467,0.13823529411764707
0.7413249211356467,0.13815402704291593
0.7413249211356467,0.13807285546415982
0.7413249211356467,0.13799177921315325
0.7413249211356467,0.13791079812206572
0.7413249211356467,0.1378299120234604
0.7413249211356467,0.13774912075029308
0.7413249211356467,0.13766842413591096
0.7413249211356467,0.1375878220140515
0.7413249211356467,0.13750731421884144
0.7413249211356467,0.13742690058479531
0.7413249211356467,0.13734658094681473
0.7413249211356467,0.13726635514018692
0.7413249211356467,0.13718622300058378
0.7413249211356467,0.1371061843640607
0.7413249211356467,0.13702623906705538
0.7413249211356467,0.13694638694638694
0.7413249211356467,0.13686662783925452
0.7413249211356467,0.13678696158323633
0.7413249211356467,0.13670738801628854
0.7413249211356467,0.13662790697674418
0.7413249211356467,0.13654851830331202
0.7413249211356467,0.13646922183507548
0.7413249211356467,0.1363900174114916
0.7413249211356467,0.13631090487238978
0.7413249211356467,0.13623188405797101
0.7413249211356467,0.1361529548088065
0.7413249211356467,0.1360741169658367
0.7413249211356467,0.13599537037037038
0.7413249211356467,0.1359167148640833
0.7413249211356467,0.13583815028901733
0.7413249211356467,0.13575967648757944
0.7413249211356467,0.13568129330254042
0.7413249211356467,0.13560300057703403
0.7413249211356467,0.13552479815455595
0.7413249211356467,0.13544668587896252
