0.0,1.0
0.047619047619047616,1.0
0.047619047619047616,1.0
0.09523809523809523,1.0
0.09523809523809523,1.0
0.09523809523809523,1.0
0.09523809523809523,1.0
0.14285714285714285,1.0
0.14285714285714285,1.0
0.19047619047619047,1.0
0.19047619047619047,1.0
0.19047619047619047,1.0
0.19047619047619047,1.0
0.19047619047619047,1.0
0.19047619047619047,1.0
0.19047619047619047,1.0
0.19047619047619047,1.0
0.19047619047619047,1.0
0.19047619047619047,1.0
0.19047619047619047,0.8
0.19047619047619047,0.8
0.19047619047619047,0.8
0.19047619047619047,0.8
0.19047619047619047,0.8
0.19047619047619047,0.8
0.23809523809523808,0.8333333333333334
0.23809523809523808,0.8333333333333334
0.23809523809523808,0.8333333333333334
0.23809523809523808,0.8333333333333334
0.23809523809523808,0.8333333333333334
0.23809523809523808,0.8333333333333334
0.23809523809523808,0.8333333333333334
0.23809523809523808,0.8333333333333334
0.2857142857142857,0.8571428571428571
0.3333333333333333,0.875
0.3333333333333333,0.875
0.3333333333333333,0.875
0.3333333333333333,0.875
0.3333333333333333,0.875
0.3333333333333333,0.875
0.3333333333333333,0.875
0.3333333333333333,0.875
0.3333333333333333,0.875
0.3333333333333333,0.875
0.3333333333333333,0.875
0.38095238095238093,0.8888888888888888
0.38095238095238093,0.8888888888888888
0.38095238095238093,0.8888888888888888
0.38095238095238093,0.8888888888888888
0.38095238095238093,0.8888888888888888
0.38095238095238093,0.8888888888888888
0.38095238095238093,0.8888888888888888
0.38095238095238093,0.8888888888888888
0.38095238095238093,0.8888888888888888
0.38095238095238093,0.8888888888888888
0.38095238095238093,0.8888888888888888
0.42857142857142855,0.9
0.47619047619047616,0.9090909090909091
0.47619047619047616,0.9090909090909091
0.47619047619047616,0.9090909090909091
0.47619047619047616,0.9090909090909091
0.47619047619047616,0.9090909090909091
0.47619047619047616,0.9090909090909091
0.47619047619047616,0.9090909090909091
0.47619047619047616,0.9090909090909091
0.47619047619047616,0.9090909090909091
0.47619047619047616,0.9090909090909091
0.47619047619047616,0.9090909090909091
0.47619047619047616,0.9090909090909091
0.47619047619047616,0.9090909090909091
0.47619047619047616,0.9090909090909091
0.47619047619047616,0.9090909090909091
0.5238095238095238,0.9166666666666666
0.5238095238095238,0.9166666666666666
0.5238095238095238,0.9166666666666666
0.5238095238095238,0.9166666666666666
0.5238095238095238,0.9166666666666666
0.5238095238095238,0.9166666666666666
0.5238095238095238,0.9166666666666666
0.5238095238095238,0.9166666666666666
0.5238095238095238,0.9166666666666666
0.5238095238095238,0.9166666666666666
0.5238095238095238,0.9166666666666666
0.5238095238095238,0.9166666666666666
0.5238095238095238,0.8461538461538461
0.5238095238095238,0.8461538461538461
0.5238095238095238,0.8461538461538461
0.5238095238095238,0.8461538461538461
0.5238095238095238,0.8461538461538461
0.5238095238095238,0.8461538461538461
0.5238095238095238,0.8461538461538461
0.5238095238095238,0.8461538461538461
0.5238095238095238,0.8461538461538461
0.5238095238095238,0.8461538461538461
0.5238095238095238,0.8461538461538461
0.5238095238095238,0.8461538461538461
0.5238095238095238,0.8461538461538461
0.5238095238095238,0.8461538461538461
0.5238095238095238,0.8461538461538461
0.5238095238095238,0.8461538461538461
0.5238095238095238,0.8461538461538461
0.5238095238095238,0.8461538461538461
0.5714285714285714,0.8571428571428571
0.5714285714285714,0.8571428571428571
0.5714285714285714,0.8571428571428571
0.5714285714285714,0.8571428571428571
0.5714285714285714,0.8571428571428571
0.5714285714285714,0.8571428571428571
0.5714285714285714,0.8571428571428571
0.5714285714285714,0.8571428571428571
0.5714285714285714,0.8571428571428571
0.5714285714285714,0.8571428571428571
0.5714285714285714,0.8571428571428571
0.5714285714285714,0.8571428571428571
0.5714285714285714,0.8571428571428571
0.5714285714285714,0.8
0.5714285714285714,0.8
0.5714285714285714,0.8
0.5714285714285714,0.8
0.5714285714285714,0.8
0.5714285714285714,0.8
0.5714285714285714,0.8
0.5714285714285714,0.8
0.6190476190476191,0.8125
0.6190476190476191,0.8125
0.6190476190476191,0.8125
0.6190476190476191,0.8125
0.6190476190476191,0.8125
0.6190476190476191,0.8125
0.6190476190476191,0.8125
0.6190476190476191,0.8125
0.6190476190476191,0.8125
0.6190476190476191,0.8125
0.6190476190476191,0.8125
0.6190476190476191,0.8125
0.6190476190476191,0.8125
0.6190476190476191,0.8125
0.6190476190476191,0.8125
0.6190476190476191,0.8125
0.6190476190476191,0.8125
0.6190476190476191,0.8125
0.6666666666666666,0.8235294117647058
0.6666666666666666,0.8235294117647058
0.6666666666666666,0.8235294117647058
0.6666666666666666,0.8235294117647058
0.6666666666666666,0.8235294117647058
0.6666666666666666,0.7777777777777778
0.6666666666666666,0.7777777777777778
0.6666666666666666,0.7777777777777778
0.6666666666666666,0.7777777777777778
0.6666666666666666,0.7777777777777778
0.6666666666666666,0.7777777777777778
0.6666666666666666,0.7777777777777778
0.6666666666666666,0.7777777777777778
0.6666666666666666,0.7777777777777778
0.6666666666666666,0.7777777777777778
0.6666666666666666,0.7368421052631579
0.6666666666666666,0.7
0.6666666666666666,0.6666666666666666
0.6666666666666666,0.6666666666666666
0.6666666666666666,0.6666666666666666
0.6666666666666666,0.6666666666666666
0.6666666666666666,0.6666666666666666
0.6666666666666666,0.6666666666666666
0.6666666666666666,0.6666666666666666
0.6666666666666666,0.6666666666666666
0.6666666666666666,0.6666666666666666
0.6666666666666666,0.6666666666666666
0.6666666666666666,0.6666666666666666
0.6666666666666666,0.6666666666666666
0.6666666666666666,0.6363636363636364
0.6666666666666666,0.6363636363636364
0.6666666666666666,0.6363636363636364
0.6666666666666666,0.6363636363636364
0.6666666666666666,0.6363636363636364
0.6666666666666666,0.6363636363636364
0.6666666666666666,0.6363636363636364
0.6666666666666666,0.6363636363636364
0.6666666666666666,0.6363636363636364
0.6666666666666666,0.6363636363636364
0.6666666666666666,0.6363636363636364
0.6666666666666666,0.6363636363636364
0.6666666666666666,0.6363636363636364
0.6666666666666666,0.6363636363636364
0.6666666666666666,0.6086956521739131
0.6666666666666666,0.6086956521739131
0.6666666666666666,0.6086956521739131
0.6666666666666666,0.5833333333333334
0.6666666666666666,0.5833333333333334
0.6666666666666666,0.5833333333333334
0.6666666666666666,0.56
0.6666666666666666,0.56
0.6666666666666666,0.56
0.6666666666666666,0.56
0.6666666666666666,0.56
0.6666666666666666,0.56
0.6666666666666666,0.56
0.6666666666666666,0.56
0.6666666666666666,0.56
0.6666666666666666,0.56
0.6666666666666666,0.56
0.6666666666666666,0.56
0.6666666666666666,0.56
0.6666666666666666,0.56
0.6666666666666666,0.56
0.6666666666666666,0.56
0.6666666666666666,0.56
0.6666666666666666,0.56
0.6666666666666666,0.5384615384615384
0.6666666666666666,0.5384615384615384
0.6666666666666666,0.5185185185185185
0.6666666666666666,0.5185185185185185
0.6666666666666666,0.5185185185185185
0.6666666666666666,0.5185185185185185
0.6666666666666666,0.5185185185185185
0.6666666666666666,0.5185185185185185
0.6666666666666666,0.5185185185185185
0.6666666666666666,0.5185185185185185
0.6666666666666666,0.5185185185185185
0.6666666666666666,0.5
0.6666666666666666,0.5
0.6666666666666666,0.5
0.6666666666666666,0.5
0.6666666666666666,0.5
0.6666666666666666,0.5
0.7142857142857143,0.5172413793103449
0.7142857142857143,0.5
0.7142857142857143,0.5
0.7142857142857143,0.5
0.7142857142857143,0.5
0.7142857142857143,0.4838709677419355
0.7142857142857143,0.4838709677419355
0.7142857142857143,0.4838709677419355
0.7142857142857143,0.4838709677419355
0.7142857142857143,0.4838709677419355
0.7142857142857143,0.4838709677419355
0.7142857142857143,0.4838709677419355
0.7142857142857143,0.4838709677419355
0.7142857142857143,0.4838709677419355
0.7142857142857143,0.46875
0.7142857142857143,0.46875
0.7142857142857143,0.46875
0.7142857142857143,0.46875
0.7142857142857143,0.46875
0.7142857142857143,0.46875
0.7142857142857143,0.46875
0.7142857142857143,0.46875
0.7142857142857143,0.46875
0.7142857142857143,0.46875
0.7142857142857143,0.46875
0.7142857142857143,0.46875
0.7142857142857143,0.46875
0.7142857142857143,0.46875
0.7142857142857143,0.46875
0.7142857142857143,0.46875
0.7142857142857143,0.46875
0.7142857142857143,0.46875
0.7142857142857143,0.46875
0.7142857142857143,0.46875
0.7142857142857143,0.46875
0.7142857142857143,0.46875
0.7142857142857143,0.46875
0.7619047619047619,0.48484848484848486
0.7619047619047619,0.48484848484848486
0.7619047619047619,0.48484848484848486
0.7619047619047619,0.48484848484848486
0.7619047619047619,0.48484848484848486
0.7619047619047619,0.48484848484848486
0.7619047619047619,0.48484848484848486
0.8095238095238095,0.5
0.8095238095238095,0.5
0.8095238095238095,0.5
0.8095238095238095,0.5
0.8095238095238095,0.5
0.8095238095238095,0.5
0.8095238095238095,0.5
0.8095238095238095,0.5
0.8095238095238095,0.5
0.8095238095238095,0.5
0.8095238095238095,0.4857142857142857
0.8095238095238095,0.4857142857142857
0.8095238095238095,0.4722222222222222
0.8095238095238095,0.4722222222222222
0.8095238095238095,0.4722222222222222
0.8095238095238095,0.4722222222222222
0.8095238095238095,0.4722222222222222
0.8095238095238095,0.4722222222222222
0.8095238095238095,0.4722222222222222
0.8095238095238095,0.4722222222222222
0.8095238095238095,0.4722222222222222
0.8095238095238095,0.4722222222222222
0.8095238095238095,0.4722222222222222
0.8095238095238095,0.4722222222222222
0.8095238095238095,0.4722222222222222
0.8095238095238095,0.4722222222222222
0.8095238095238095,0.4722222222222222
0.8095238095238095,0.4722222222222222
0.8095238095238095,0.4722222222222222
0.8095238095238095,0.4722222222222222
0.8095238095238095,0.4722222222222222
0.8095238095238095,0.4594594594594595
0.8095238095238095,0.4594594594594595
0.8095238095238095,0.4594594594594595
0.8095238095238095,0.4594594594594595
0.8095238095238095,0.4594594594594595
0.8095238095238095,0.4594594594594595
0.8095238095238095,0.4594594594594595
0.8095238095238095,0.4594594594594595
0.8095238095238095,0.4594594594594595
0.8095238095238095,0.4594594594594595
0.8095238095238095,0.4594594594594595
0.8095238095238095,0.4594594594594595
0.8095238095238095,0.4594594594594595
0.8095238095238095,0.4594594594594595
0.8095238095238095,0.4594594594594595
0.8095238095238095,0.4594594594594595
0.8095238095238095,0.4594594594594595
0.8095238095238095,0.4594594594594595
0.8095238095238095,0.4594594594594595
0.8095238095238095,0.4594594594594595
0.8095238095238095,0.4594594594594595
0.8095238095238095,0.4594594594594595
0.8095238095238095,0.4594594594594595
0.8095238095238095,0.4473684210526316
0.8095238095238095,0.4473684210526316
0.8095238095238095,0.4473684210526316
0.8095238095238095,0.4473684210526316
0.8095238095238095,0.4358974358974359
0.8095238095238095,0.4358974358974359
0.8095238095238095,0.4358974358974359
0.8095238095238095,0.4358974358974359
0.8095238095238095,0.4358974358974359
0.8095238095238095,0.4358974358974359
0.8095238095238095,0.4358974358974359
0.8095238095238095,0.4358974358974359
0.8095238095238095,0.4358974358974359
0.8095238095238095,0.4358974358974359
0.8095238095238095,0.4358974358974359
0.8095238095238095,0.4358974358974359
0.8095238095238095,0.4358974358974359
0.8095238095238095,0.4358974358974359
0.8095238095238095,0.4358974358974359
0.8095238095238095,0.4358974358974359
0.8095238095238095,0.4358974358974359
0.8095238095238095,0.4358974358974359
0.8095238095238095,0.4358974358974359
0.8095238095238095,0.4358974358974359
0.8095238095238095,0.4358974358974359
0.8095238095238095,0.4358974358974359
0.8095238095238095,0.4358974358974359
0.8095238095238095,0.4358974358974359
0.8095238095238095,0.4358974358974359
0.8095238095238095,0.4358974358974359
0.8095238095238095,0.4358974358974359
0.8095238095238095,0.4358974358974359
0.8095238095238095,0.4358974358974359
0.8095238095238095,0.4358974358974359
0.8095238095238095,0.4358974358974359
0.8095238095238095,0.4358974358974359
0.8095238095238095,0.4358974358974359
0.8095238095238095,0.4358974358974359
0.8095238095238095,0.4358974358974359
0.8095238095238095,0.4358974358974359
0.8095238095238095,0.4358974358974359
0.8095238095238095,0.4358974358974359
0.8095238095238095,0.4358974358974359
0.8095238095238095,0.4358974358974359
0.8095238095238095,0.4358974358974359
0.8095238095238095,0.4358974358974359
0.8095238095238095,0.4358974358974359
0.8095238095238095,0.4358974358974359
0.8095238095238095,0.4358974358974359
0.8095238095238095,0.4358974358974359
0.8095238095238095,0.4358974358974359
0.8095238095238095,0.4358974358974359
0.8095238095238095,0.4358974358974359
0.8095238095238095,0.4358974358974359
0.8095238095238095,0.4358974358974359
0.8095238095238095,0.4358974358974359
0.8095238095238095,0.4358974358974359
0.8095238095238095,0.4358974358974359
0.8095238095238095,0.4358974358974359
0.8095238095238095,0.4358974358974359
0.8095238095238095,0.4358974358974359
0.8095238095238095,0.4358974358974359
0.8095238095238095,0.4358974358974359
0.8095238095238095,0.4358974358974359
0.8095238095238095,0.4358974358974359
0.8095238095238095,0.4358974358974359
0.8095238095238095,0.4358974358974359
0.8095238095238095,0.4358974358974359
0.8095238095238095,0.4358974358974359
0.8095238095238095,0.4358974358974359
0.8095238095238095,0.4358974358974359
0.8095238095238095,0.4358974358974359
0.8095238095238095,0.4358974358974359
0.8095238095238095,0.4358974358974359
0.8095238095238095,0.4358974358974359
0.8095238095238095,0.4358974358974359
0.8095238095238095,0.4358974358974359
0.8095238095238095,0.4358974358974359
0.8095238095238095,0.4358974358974359
0.8095238095238095,0.425
0.8095238095238095,0.425
0.8095238095238095,0.425
0.8095238095238095,0.425
0.8095238095238095,0.4146341463414634
0.8095238095238095,0.4146341463414634
0.8095238095238095,0.4146341463414634
0.8095238095238095,0.4146341463414634
0.8095238095238095,0.4146341463414634
0.8095238095238095,0.4146341463414634
0.8095238095238095,0.4146341463414634
0.8095238095238095,0.4146341463414634
0.8095238095238095,0.4146341463414634
0.8095238095238095,0.4146341463414634
0.8095238095238095,0.4146341463414634
0.8095238095238095,0.4146341463414634
0.8095238095238095,0.4146341463414634
0.8095238095238095,0.4146341463414634
0.8095238095238095,0.4146341463414634
0.8095238095238095,0.4146341463414634
0.8095238095238095,0.4146341463414634
0.8095238095238095,0.4146341463414634
0.8095238095238095,0.4146341463414634
0.8095238095238095,0.4146341463414634
0.8095238095238095,0.4146341463414634
0.8095238095238095,0.40476190476190477
0.8095238095238095,0.40476190476190477
0.8095238095238095,0.40476190476190477
0.8095238095238095,0.40476190476190477
0.8095238095238095,0.40476190476190477
0.8095238095238095,0.40476190476190477
0.8095238095238095,0.40476190476190477
0.8095238095238095,0.40476190476190477
0.8095238095238095,0.40476190476190477
0.8095238095238095,0.40476190476190477
0.8095238095238095,0.40476190476190477
0.8095238095238095,0.40476190476190477
0.8095238095238095,0.40476190476190477
0.8095238095238095,0.40476190476190477
0.8095238095238095,0.3953488372093023
0.8095238095238095,0.3953488372093023
0.8095238095238095,0.3953488372093023
0.8095238095238095,0.3953488372093023
0.8095238095238095,0.3953488372093023
0.8095238095238095,0.3953488372093023
0.8095238095238095,0.3953488372093023
0.8095238095238095,0.3953488372093023
0.8095238095238095,0.38636363636363635
0.8095238095238095,0.38636363636363635
0.8095238095238095,0.38636363636363635
0.8095238095238095,0.38636363636363635
0.8095238095238095,0.38636363636363635
0.8095238095238095,0.38636363636363635
0.8095238095238095,0.38636363636363635
0.8095238095238095,0.38636363636363635
0.8095238095238095,0.38636363636363635
0.8095238095238095,0.38636363636363635
0.8095238095238095,0.38636363636363635
0.8095238095238095,0.38636363636363635
0.8095238095238095,0.38636363636363635
0.8095238095238095,0.38636363636363635
0.8095238095238095,0.38636363636363635
0.8095238095238095,0.37777777777777777
0.8095238095238095,0.37777777777777777
0.8095238095238095,0.37777777777777777
0.8095238095238095,0.37777777777777777
0.8095238095238095,0.37777777777777777
0.8095238095238095,0.37777777777777777
0.8095238095238095,0.37777777777777777
0.8095238095238095,0.37777777777777777
0.8095238095238095,0.37777777777777777
0.8095238095238095,0.37777777777777777
0.8095238095238095,0.37777777777777777
0.8095238095238095,0.37777777777777777
0.8095238095238095,0.37777777777777777
0.8095238095238095,0.37777777777777777
0.8095238095238095,0.37777777777777777
0.8095238095238095,0.37777777777777777
0.8095238095238095,0.37777777777777777
0.8095238095238095,0.37777777777777777
0.8095238095238095,0.37777777777777777
0.8571428571428571,0.391304347826087
0.8571428571428571,0.391304347826087
0.8571428571428571,0.391304347826087
0.8571428571428571,0.391304347826087
0.8571428571428571,0.391304347826087
0.8571428571428571,0.391304347826087
0.8571428571428571,0.391304347826087
0.8571428571428571,0.391304347826087
0.8571428571428571,0.391304347826087
0.8571428571428571,0.391304347826087
0.8571428571428571,0.391304347826087
0.8571428571428571,0.391304347826087
0.8571428571428571,0.391304347826087
0.8571428571428571,0.391304347826087
0.8571428571428571,0.391304347826087
0.8571428571428571,0.391304347826087
0.8571428571428571,0.391304347826087
0.8571428571428571,0.391304347826087
0.8571428571428571,0.391304347826087
0.8571428571428571,0.391304347826087
0.8571428571428571,0.3829787234042553
0.8571428571428571,0.3829787234042553
0.8571428571428571,0.3829787234042553
0.8571428571428571,0.3829787234042553
0.8571428571428571,0.3829787234042553
0.8571428571428571,0.3829787234042553
0.8571428571428571,0.3829787234042553
0.8571428571428571,0.3829787234042553
0.8571428571428571,0.3829787234042553
0.8571428571428571,0.3829787234042553
0.8571428571428571,0.375
0.8571428571428571,0.375
0.8571428571428571,0.375
0.8571428571428571,0.375
0.8571428571428571,0.375
0.8571428571428571,0.375
0.8571428571428571,0.375
0.8571428571428571,0.375
0.8571428571428571,0.375
0.8571428571428571,0.375
0.8571428571428571,0.375
0.8571428571428571,0.375
0.8571428571428571,0.375
0.8571428571428571,0.375
0.8571428571428571,0.375
0.8571428571428571,0.375
0.8571428571428571,0.375
0.8571428571428571,0.375
0.8571428571428571,0.375
0.8571428571428571,0.375
0.8571428571428571,0.375
0.8571428571428571,0.375
0.8571428571428571,0.375
0.8571428571428571,0.375
0.8571428571428571,0.375
0.8571428571428571,0.375
0.8571428571428571,0.375
0.8571428571428571,0.375
0.8571428571428571,0.375
0.8571428571428571,0.375
0.8571428571428571,0.375
0.8571428571428571,0.375
0.8571428571428571,0.375
0.8571428571428571,0.375
0.8571428571428571,0.375
0.8571428571428571,0.375
0.8571428571428571,0.375
0.8571428571428571,0.375
0.8571428571428571,0.375
0.8571428571428571,0.375
0.8571428571428571,0.375
0.8571428571428571,0.375
0.8571428571428571,0.375
0.8571428571428571,0.375
0.8571428571428571,0.375
0.8571428571428571,0.375
0.8571428571428571,0.375
0.8571428571428571,0.375
0.8571428571428571,0.375
0.8571428571428571,0.375
0.8571428571428571,0.375
0.8571428571428571,0.375
0.8571428571428571,0.375
0.8571428571428571,0.375
0.8571428571428571,0.375
0.8571428571428571,0.375
0.8571428571428571,0.375
0.8571428571428571,0.375
0.8571428571428571,0.375
0.8571428571428571,0.375
0.8571428571428571,0.375
0.8571428571428571,0.375
0.8571428571428571,0.375
0.8571428571428571,0.375
0.8571428571428571,0.375
0.8571428571428571,0.375
0.8571428571428571,0.375
0.8571428571428571,0.375
0.8571428571428571,0.375
0.8571428571428571,0.375
0.8571428571428571,0.375
0.8571428571428571,0.375
0.8571428571428571,0.375
0.8571428571428571,0.375
0.8571428571428571,0.375
0.9047619047619048,0.3877551020408163
0.9047619047619048,0.3877551020408163
0.9047619047619048,0.3877551020408163
0.9047619047619048,0.3877551020408163
0.9047619047619048,0.3877551020408163
0.9047619047619048,0.3877551020408163
0.9047619047619048,0.3877551020408163
0.9047619047619048,0.3877551020408163
0.9047619047619048,0.3877551020408163
0.9047619047619048,0.3877551020408163
0.9047619047619048,0.3877551020408163
0.9047619047619048,0.3877551020408163
0.9047619047619048,0.3877551020408163
0.9047619047619048,0.3877551020408163
0.9047619047619048,0.3877551020408163
0.9047619047619048,0.3877551020408163
0.9047619047619048,0.3877551020408163
0.9047619047619048,0.3877551020408163
0.9047619047619048,0.3877551020408163
0.9047619047619048,0.3877551020408163
0.9047619047619048,0.3877551020408163
0.9047619047619048,0.3877551020408163
0.9047619047619048,0.3877551020408163
0.9047619047619048,0.3877551020408163
0.9047619047619048,0.3877551020408163
0.9047619047619048,0.3877551020408163
0.9047619047619048,0.3877551020408163
0.9047619047619048,0.3877551020408163
0.9047619047619048,0.3877551020408163
0.9047619047619048,0.3877551020408163
0.9047619047619048,0.3877551020408163
0.9047619047619048,0.3877551020408163
0.9047619047619048,0.3877551020408163
0.9047619047619048,0.3877551020408163
0.9047619047619048,0.3877551020408163
0.9047619047619048,0.3877551020408163
0.9047619047619048,0.3877551020408163
0.9047619047619048,0.3877551020408163
0.9047619047619048,0.3877551020408163
0.9047619047619048,0.3877551020408163
0.9047619047619048,0.3877551020408163
0.9047619047619048,0.3877551020408163
0.9047619047619048,0.3877551020408163
0.9047619047619048,0.3877551020408163
0.9047619047619048,0.3877551020408163
0.9047619047619048,0.3877551020408163
0.9047619047619048,0.3877551020408163
0.9047619047619048,0.3877551020408163
0.9047619047619048,0.3877551020408163
0.9047619047619048,0.3877551020408163
0.9047619047619048,0.3877551020408163
0.9047619047619048,0.3877551020408163
0.9047619047619048,0.3877551020408163
0.9047619047619048,0.3877551020408163
0.9047619047619048,0.38
0.9047619047619048,0.38
0.9047619047619048,0.38
0.9047619047619048,0.38
0.9047619047619048,0.38
0.9047619047619048,0.38
0.9047619047619048,0.38
0.9047619047619048,0.38
0.9047619047619048,0.38
0.9047619047619048,0.38
0.9047619047619048,0.38
0.9047619047619048,0.38
0.9047619047619048,0.38
0.9047619047619048,0.38
0.9047619047619048,0.38
0.9047619047619048,0.38
0.9047619047619048,0.38
0.9047619047619048,0.38
0.9047619047619048,0.38
0.9047619047619048,0.38
0.9047619047619048,0.38
0.9047619047619048,0.38
0.9047619047619048,0.38
0.9047619047619048,0.38
0.9047619047619048,0.38
0.9047619047619048,0.38
0.9047619047619048,0.38
0.9047619047619048,0.38
0.9047619047619048,0.38
0.9047619047619048,0.38
0.9047619047619048,0.38
0.9047619047619048,0.38
0.9047619047619048,0.38
0.9047619047619048,0.38
0.9047619047619048,0.38
0.9047619047619048,0.38
0.9047619047619048,0.38
0.9047619047619048,0.38
0.9047619047619048,0.38
0.9047619047619048,0.38
0.9047619047619048,0.38
0.9047619047619048,0.38
0.9047619047619048,0.38
0.9047619047619048,0.38
0.9047619047619048,0.38
0.9047619047619048,0.38
0.9047619047619048,0.38
0.9047619047619048,0.38
0.9047619047619048,0.38
0.9047619047619048,0.38
0.9047619047619048,0.38
0.9047619047619048,0.38
0.9047619047619048,0.38
0.9047619047619048,0.38
0.9047619047619048,0.38
0.9047619047619048,0.38
0.9047619047619048,0.38
0.9047619047619048,0.37254901960784315
0.9047619047619048,0.37254901960784315
0.9047619047619048,0.37254901960784315
0.9047619047619048,0.37254901960784315
0.9047619047619048,0.37254901960784315
0.9047619047619048,0.37254901960784315
0.9047619047619048,0.37254901960784315
0.9047619047619048,0.37254901960784315
0.9047619047619048,0.37254901960784315
0.9047619047619048,0.37254901960784315
0.9047619047619048,0.37254901960784315
0.9047619047619048,0.37254901960784315
0.9047619047619048,0.37254901960784315
0.9047619047619048,0.37254901960784315
0.9047619047619048,0.37254901960784315
0.9047619047619048,0.37254901960784315
0.9047619047619048,0.37254901960784315
0.9047619047619048,0.37254901960784315
0.9047619047619048,0.37254901960784315
0.9047619047619048,0.37254901960784315
0.9047619047619048,0.37254901960784315
0.9047619047619048,0.37254901960784315
0.9047619047619048,0.37254901960784315
0.9047619047619048,0.36538461538461536
0.9047619047619048,0.36538461538461536
0.9047619047619048,0.36538461538461536
0.9047619047619048,0.36538461538461536
0.9047619047619048,0.36538461538461536
0.9047619047619048,0.36538461538461536
0.9047619047619048,0.36538461538461536
0.9047619047619048,0.36538461538461536
0.9047619047619048,0.36538461538461536
0.9047619047619048,0.36538461538461536
0.9047619047619048,0.36538461538461536
0.9047619047619048,0.36538461538461536
0.9047619047619048,0.36538461538461536
0.9047619047619048,0.36538461538461536
0.9047619047619048,0.36538461538461536
0.9047619047619048,0.36538461538461536
0.9047619047619048,0.36538461538461536
0.9047619047619048,0.36538461538461536
0.9047619047619048,0.36538461538461536
0.9047619047619048,0.36538461538461536
0.9047619047619048,0.36538461538461536
0.9047619047619048,0.36538461538461536
0.9047619047619048,0.36538461538461536
0.9047619047619048,0.36538461538461536
0.9047619047619048,0.36538461538461536
0.9047619047619048,0.36538461538461536
0.9047619047619048,0.36538461538461536
0.9047619047619048,0.36538461538461536
0.9047619047619048,0.36538461538461536
0.9047619047619048,0.36538461538461536
0.9047619047619048,0.3584905660377358
0.9047619047619048,0.3584905660377358
0.9047619047619048,0.3584905660377358
0.9047619047619048,0.35185185185185186
0.9047619047619048,0.35185185185185186
0.9047619047619048,0.35185185185185186
0.9047619047619048,0.34545454545454546
0.9047619047619048,0.34545454545454546
0.9047619047619048,0.34545454545454546
0.9047619047619048,0.34545454545454546
0.9047619047619048,0.34545454545454546
0.9047619047619048,0.34545454545454546
0.9047619047619048,0.34545454545454546
0.9047619047619048,0.34545454545454546
0.9047619047619048,0.34545454545454546
0.9047619047619048,0.34545454545454546
0.9047619047619048,0.34545454545454546
0.9047619047619048,0.34545454545454546
0.9047619047619048,0.34545454545454546
0.9047619047619048,0.34545454545454546
0.9047619047619048,0.34545454545454546
0.9047619047619048,0.34545454545454546
0.9047619047619048,0.34545454545454546
0.9047619047619048,0.3392857142857143
0.9047619047619048,0.3392857142857143
0.9047619047619048,0.3392857142857143
0.9047619047619048,0.3392857142857143
0.9047619047619048,0.3392857142857143
0.9047619047619048,0.3392857142857143
0.9047619047619048,0.3392857142857143
0.9047619047619048,0.3392857142857143
0.9047619047619048,0.3392857142857143
0.9047619047619048,0.3392857142857143
0.9047619047619048,0.3392857142857143
0.9047619047619048,0.3392857142857143
0.9047619047619048,0.3392857142857143
0.9047619047619048,0.3392857142857143
0.9047619047619048,0.3392857142857143
0.9047619047619048,0.3392857142857143
0.9047619047619048,0.3392857142857143
0.9047619047619048,0.3392857142857143
0.9047619047619048,0.3392857142857143
0.9047619047619048,0.3392857142857143
0.9047619047619048,0.3392857142857143
0.9047619047619048,0.3392857142857143
0.9047619047619048,0.3392857142857143
0.9047619047619048,0.3392857142857143
0.9047619047619048,0.3392857142857143
0.9047619047619048,0.3392857142857143
0.9047619047619048,0.3392857142857143
0.9047619047619048,0.3392857142857143
0.9047619047619048,0.3392857142857143
0.9047619047619048,0.3392857142857143
0.9047619047619048,0.3392857142857143
0.9047619047619048,0.3392857142857143
0.9047619047619048,0.3392857142857143
0.9047619047619048,0.3392857142857143
0.9047619047619048,0.3392857142857143
0.9047619047619048,0.3392857142857143
0.9047619047619048,0.3392857142857143
0.9047619047619048,0.3392857142857143
0.9047619047619048,0.3392857142857143
0.9047619047619048,0.3392857142857143
0.9047619047619048,0.3392857142857143
0.9047619047619048,0.3392857142857143
0.9047619047619048,0.3392857142857143
0.9047619047619048,0.3333333333333333
0.9047619047619048,0.3333333333333333
0.9047619047619048,0.3333333333333333
0.9047619047619048,0.3333333333333333
0.9047619047619048,0.3333333333333333
0.9047619047619048,0.3333333333333333
0.9047619047619048,0.3333333333333333
0.9047619047619048,0.3275862068965517
0.9047619047619048,0.3275862068965517
0.9047619047619048,0.3275862068965517
0.9047619047619048,0.3275862068965517
0.9047619047619048,0.3275862068965517
0.9047619047619048,0.3275862068965517
0.9047619047619048,0.3275862068965517
0.9047619047619048,0.3275862068965517
0.9047619047619048,0.3275862068965517
0.9047619047619048,0.3220338983050847
0.9047619047619048,0.3220338983050847
0.9047619047619048,0.3220338983050847
0.9047619047619048,0.3220338983050847
0.9047619047619048,0.3220338983050847
0.9047619047619048,0.3220338983050847
0.9047619047619048,0.3220338983050847
0.9047619047619048,0.3220338983050847
0.9047619047619048,0.3220338983050847
0.9047619047619048,0.3220338983050847
0.9047619047619048,0.3220338983050847
0.9047619047619048,0.3220338983050847
0.9047619047619048,0.3220338983050847
0.9047619047619048,0.3220338983050847
0.9047619047619048,0.3220338983050847
0.9047619047619048,0.3220338983050847
0.9047619047619048,0.3220338983050847
0.9047619047619048,0.3220338983050847
0.9047619047619048,0.3220338983050847
0.9047619047619048,0.3220338983050847
0.9047619047619048,0.3220338983050847
0.9047619047619048,0.3220338983050847
0.9047619047619048,0.3220338983050847
0.9047619047619048,0.31666666666666665
0.9047619047619048,0.31666666666666665
0.9047619047619048,0.31666666666666665
0.9047619047619048,0.3114754098360656
0.9047619047619048,0.3114754098360656
0.9047619047619048,0.3114754098360656
0.9047619047619048,0.3064516129032258
0.9047619047619048,0.3064516129032258
0.9047619047619048,0.30158730158730157
0.9047619047619048,0.30158730158730157
0.9047619047619048,0.30158730158730157
0.9047619047619048,0.30158730158730157
0.9047619047619048,0.30158730158730157
0.9047619047619048,0.30158730158730157
0.9047619047619048,0.30158730158730157
0.9047619047619048,0.30158730158730157
0.9047619047619048,0.30158730158730157
0.9047619047619048,0.30158730158730157
0.9047619047619048,0.30158730158730157
0.9047619047619048,0.30158730158730157
0.9047619047619048,0.30158730158730157
0.9047619047619048,0.30158730158730157
0.9047619047619048,0.30158730158730157
0.9047619047619048,0.30158730158730157
0.9047619047619048,0.30158730158730157
0.9047619047619048,0.296875
0.9047619047619048,0.296875
0.9047619047619048,0.2923076923076923
0.9047619047619048,0.2923076923076923
0.9047619047619048,0.2923076923076923
0.9047619047619048,0.2923076923076923
0.9047619047619048,0.2923076923076923
0.9047619047619048,0.2923076923076923
0.9047619047619048,0.2923076923076923
0.9047619047619048,0.2923076923076923
0.9047619047619048,0.2923076923076923
0.9047619047619048,0.2923076923076923
0.9047619047619048,0.2923076923076923
0.9047619047619048,0.2923076923076923
0.9047619047619048,0.2923076923076923
0.9047619047619048,0.2923076923076923
0.9047619047619048,0.2923076923076923
0.9047619047619048,0.2923076923076923
0.9047619047619048,0.2923076923076923
0.9047619047619048,0.2923076923076923
0.9047619047619048,0.2923076923076923
0.9047619047619048,0.2923076923076923
0.9047619047619048,0.2923076923076923
0.9047619047619048,0.2923076923076923
0.9047619047619048,0.2923076923076923
0.9047619047619048,0.2923076923076923
0.9047619047619048,0.2923076923076923
0.9047619047619048,0.2923076923076923
0.9047619047619048,0.2923076923076923
0.9047619047619048,0.2923076923076923
0.9047619047619048,0.2923076923076923
0.9047619047619048,0.2923076923076923
0.9047619047619048,0.2878787878787879
0.9047619047619048,0.2878787878787879
0.9047619047619048,0.2878787878787879
0.9047619047619048,0.2878787878787879
0.9047619047619048,0.2878787878787879
0.9047619047619048,0.2835820895522388
0.9047619047619048,0.2835820895522388
0.9047619047619048,0.2835820895522388
0.9047619047619048,0.2835820895522388
0.9047619047619048,0.2835820895522388
0.9047619047619048,0.2835820895522388
0.9047619047619048,0.2835820895522388
0.9047619047619048,0.2835820895522388
0.9047619047619048,0.27941176470588236
0.9047619047619048,0.27941176470588236
0.9047619047619048,0.27941176470588236
0.9047619047619048,0.27941176470588236
0.9047619047619048,0.27941176470588236
0.9047619047619048,0.27941176470588236
0.9047619047619048,0.27941176470588236
0.9047619047619048,0.27941176470588236
0.9047619047619048,0.27941176470588236
0.9047619047619048,0.27941176470588236
0.9047619047619048,0.27941176470588236
0.9047619047619048,0.27941176470588236
0.9047619047619048,0.27941176470588236
0.9047619047619048,0.27941176470588236
0.9047619047619048,0.2753623188405797
0.9047619047619048,0.2753623188405797
0.9047619047619048,0.2753623188405797
0.9047619047619048,0.2753623188405797
0.9047619047619048,0.2753623188405797
0.9047619047619048,0.2753623188405797
0.9047619047619048,0.2753623188405797
0.9047619047619048,0.2753623188405797
0.9047619047619048,0.2753623188405797
0.9047619047619048,0.2753623188405797
0.9047619047619048,0.2753623188405797
0.9047619047619048,0.2753623188405797
0.9047619047619048,0.2753623188405797
0.9047619047619048,0.2753623188405797
0.9047619047619048,0.2753623188405797
0.9047619047619048,0.2753623188405797
0.9047619047619048,0.2753623188405797
0.9047619047619048,0.2753623188405797
0.9047619047619048,0.2753623188405797
0.9047619047619048,0.2753623188405797
0.9047619047619048,0.2753623188405797
0.9047619047619048,0.2753623188405797
0.9047619047619048,0.2753623188405797
0.9047619047619048,0.2753623188405797
0.9047619047619048,0.2753623188405797
0.9047619047619048,0.2753623188405797
0.9047619047619048,0.2753623188405797
0.9047619047619048,0.2753623188405797
0.9047619047619048,0.2753623188405797
0.9047619047619048,0.2753623188405797
0.9047619047619048,0.2753623188405797
0.9047619047619048,0.2753623188405797
0.9047619047619048,0.2753623188405797
0.9047619047619048,0.2753623188405797
0.9047619047619048,0.2753623188405797
0.9047619047619048,0.2753623188405797
0.9047619047619048,0.2753623188405797
0.9047619047619048,0.2753623188405797
0.9047619047619048,0.2753623188405797
0.9047619047619048,0.2753623188405797
0.9047619047619048,0.2753623188405797
0.9047619047619048,0.2753623188405797
0.9047619047619048,0.2753623188405797
0.9047619047619048,0.2753623188405797
0.9047619047619048,0.2753623188405797
0.9047619047619048,0.2753623188405797
0.9047619047619048,0.2714285714285714
0.9047619047619048,0.2714285714285714
0.9047619047619048,0.2714285714285714
0.9047619047619048,0.2714285714285714
0.9047619047619048,0.2714285714285714
0.9047619047619048,0.2714285714285714
0.9047619047619048,0.2714285714285714
0.9047619047619048,0.2714285714285714
0.9047619047619048,0.2714285714285714
0.9047619047619048,0.2714285714285714
0.9047619047619048,0.2676056338028169
0.9047619047619048,0.2676056338028169
0.9047619047619048,0.2676056338028169
0.9047619047619048,0.2638888888888889
0.9047619047619048,0.2638888888888889
0.9047619047619048,0.2638888888888889
0.9047619047619048,0.2638888888888889
0.9047619047619048,0.2638888888888889
0.9047619047619048,0.2602739726027397
0.9047619047619048,0.2602739726027397
0.9047619047619048,0.2602739726027397
0.9047619047619048,0.2602739726027397
0.9047619047619048,0.2602739726027397
0.9047619047619048,0.2602739726027397
0.9047619047619048,0.2602739726027397
0.9047619047619048,0.2602739726027397
0.9047619047619048,0.2602739726027397
0.9047619047619048,0.2602739726027397
0.9047619047619048,0.25675675675675674
0.9047619047619048,0.25675675675675674
0.9047619047619048,0.25675675675675674
0.9047619047619048,0.25675675675675674
0.9047619047619048,0.25675675675675674
0.9047619047619048,0.25675675675675674
0.9047619047619048,0.25675675675675674
0.9047619047619048,0.25675675675675674
0.9047619047619048,0.25675675675675674
0.9047619047619048,0.25675675675675674
0.9047619047619048,0.25333333333333335
0.9047619047619048,0.25333333333333335
0.9047619047619048,0.25333333333333335
0.9047619047619048,0.25333333333333335
0.9047619047619048,0.25333333333333335
0.9047619047619048,0.25333333333333335
0.9047619047619048,0.25333333333333335
0.9047619047619048,0.25333333333333335
0.9047619047619048,0.25333333333333335
0.9047619047619048,0.25333333333333335
0.9047619047619048,0.25333333333333335
0.9047619047619048,0.25333333333333335
0.9047619047619048,0.25333333333333335
0.9047619047619048,0.25333333333333335
0.9047619047619048,0.25333333333333335
0.9047619047619048,0.25333333333333335
0.9047619047619048,0.25333333333333335
0.9047619047619048,0.25333333333333335
0.9047619047619048,0.25333333333333335
0.9047619047619048,0.25333333333333335
0.9047619047619048,0.25333333333333335
0.9047619047619048,0.25333333333333335
0.9047619047619048,0.25333333333333335
0.9047619047619048,0.25
0.9047619047619048,0.25
0.9047619047619048,0.25
0.9047619047619048,0.25
0.9047619047619048,0.25
0.9047619047619048,0.25
0.9047619047619048,0.25
0.9047619047619048,0.25
0.9047619047619048,0.24675324675324675
0.9047619047619048,0.24675324675324675
0.9047619047619048,0.24675324675324675
0.9047619047619048,0.24675324675324675
0.9047619047619048,0.24675324675324675
0.9047619047619048,0.24675324675324675
0.9047619047619048,0.24675324675324675
0.9047619047619048,0.24675324675324675
0.9047619047619048,0.24675324675324675
0.9047619047619048,0.24675324675324675
0.9047619047619048,0.24675324675324675
0.9047619047619048,0.24675324675324675
0.9047619047619048,0.24358974358974358
0.9047619047619048,0.24050632911392406
0.9047619047619048,0.2375
0.9047619047619048,0.2375
0.9047619047619048,0.2375
0.9047619047619048,0.2375
0.9047619047619048,0.2375
0.9047619047619048,0.2375
0.9047619047619048,0.2345679012345679
0.9047619047619048,0.2345679012345679
0.9047619047619048,0.2345679012345679
0.9047619047619048,0.2345679012345679
0.9047619047619048,0.2345679012345679
0.9047619047619048,0.2345679012345679
0.9047619047619048,0.2345679012345679
0.9047619047619048,0.2345679012345679
0.9047619047619048,0.2345679012345679
0.9047619047619048,0.2345679012345679
0.9047619047619048,0.2345679012345679
0.9047619047619048,0.23170731707317074
0.9047619047619048,0.23170731707317074
0.9047619047619048,0.23170731707317074
0.9047619047619048,0.23170731707317074
0.9047619047619048,0.23170731707317074
0.9047619047619048,0.23170731707317074
0.9047619047619048,0.23170731707317074
0.9047619047619048,0.23170731707317074
0.9047619047619048,0.23170731707317074
0.9047619047619048,0.23170731707317074
0.9047619047619048,0.23170731707317074
0.9047619047619048,0.23170731707317074
0.9047619047619048,0.23170731707317074
0.9047619047619048,0.23170731707317074
0.9047619047619048,0.23170731707317074
0.9047619047619048,0.23170731707317074
0.9047619047619048,0.23170731707317074
0.9047619047619048,0.23170731707317074
0.9047619047619048,0.23170731707317074
0.9047619047619048,0.2289156626506024
0.9047619047619048,0.2289156626506024
0.9047619047619048,0.2289156626506024
0.9047619047619048,0.2289156626506024
0.9047619047619048,0.2289156626506024
0.9047619047619048,0.2289156626506024
0.9047619047619048,0.2289156626506024
0.9047619047619048,0.2289156626506024
0.9047619047619048,0.2289156626506024
0.9047619047619048,0.2289156626506024
0.9047619047619048,0.2289156626506024
0.9047619047619048,0.2289156626506024
0.9047619047619048,0.2289156626506024
0.9047619047619048,0.2289156626506024
0.9047619047619048,0.2289156626506024
0.9047619047619048,0.2289156626506024
0.9047619047619048,0.2289156626506024
0.9047619047619048,0.2289156626506024
0.9047619047619048,0.2289156626506024
0.9047619047619048,0.2289156626506024
0.9047619047619048,0.2289156626506024
0.9047619047619048,0.2289156626506024
0.9047619047619048,0.2289156626506024
0.9047619047619048,0.2289156626506024
0.9047619047619048,0.2289156626506024
0.9047619047619048,0.2289156626506024
0.9047619047619048,0.2289156626506024
0.9047619047619048,0.2289156626506024
0.9047619047619048,0.2289156626506024
0.9047619047619048,0.2289156626506024
0.9047619047619048,0.2289156626506024
0.9047619047619048,0.2289156626506024
0.9047619047619048,0.2289156626506024
0.9047619047619048,0.2289156626506024
0.9047619047619048,0.2289156626506024
0.9047619047619048,0.2289156626506024
0.9047619047619048,0.2289156626506024
0.9047619047619048,0.2289156626506024
0.9047619047619048,0.2289156626506024
0.9047619047619048,0.2289156626506024
0.9047619047619048,0.2289156626506024
0.9047619047619048,0.2289156626506024
0.9047619047619048,0.2289156626506024
0.9047619047619048,0.2289156626506024
0.9047619047619048,0.2289156626506024
0.9047619047619048,0.2289156626506024
0.9047619047619048,0.2289156626506024
0.9047619047619048,0.2289156626506024
0.9047619047619048,0.2289156626506024
0.9047619047619048,0.2289156626506024
0.9047619047619048,0.2289156626506024
0.9047619047619048,0.2289156626506024
0.9047619047619048,0.2289156626506024
0.9047619047619048,0.2289156626506024
0.9047619047619048,0.2289156626506024
0.9047619047619048,0.2289156626506024
0.9047619047619048,0.2289156626506024
0.9047619047619048,0.2289156626506024
0.9047619047619048,0.2289156626506024
0.9047619047619048,0.2289156626506024
0.9047619047619048,0.2289156626506024
0.9047619047619048,0.2289156626506024
0.9047619047619048,0.2289156626506024
0.9047619047619048,0.2289156626506024
0.9047619047619048,0.2289156626506024
0.9047619047619048,0.2289156626506024
0.9047619047619048,0.2289156626506024
0.9047619047619048,0.2289156626506024
0.9047619047619048,0.2289156626506024
0.9047619047619048,0.2261904761904762
0.9047619047619048,0.2261904761904762
0.9047619047619048,0.2261904761904762
0.9047619047619048,0.2261904761904762
0.9047619047619048,0.2261904761904762
0.9047619047619048,0.2261904761904762
0.9047619047619048,0.2261904761904762
0.9047619047619048,0.2261904761904762
0.9047619047619048,0.2261904761904762
0.9047619047619048,0.2261904761904762
0.9047619047619048,0.2235294117647059
0.9047619047619048,0.2235294117647059
0.9047619047619048,0.2235294117647059
0.9047619047619048,0.2235294117647059
0.9047619047619048,0.22093023255813954
0.9047619047619048,0.22093023255813954
0.9047619047619048,0.22093023255813954
0.9047619047619048,0.22093023255813954
0.9047619047619048,0.22093023255813954
0.9047619047619048,0.22093023255813954
0.9047619047619048,0.22093023255813954
0.9047619047619048,0.21839080459770116
0.9047619047619048,0.21839080459770116
0.9047619047619048,0.21839080459770116
0.9047619047619048,0.21839080459770116
0.9047619047619048,0.21839080459770116
0.9047619047619048,0.21839080459770116
0.9047619047619048,0.21839080459770116
0.9047619047619048,0.21839080459770116
0.9047619047619048,0.21839080459770116
0.9047619047619048,0.21839080459770116
0.9047619047619048,0.21839080459770116
0.9047619047619048,0.21839080459770116
0.9047619047619048,0.21839080459770116
0.9047619047619048,0.21839080459770116
0.9047619047619048,0.2159090909090909
0.9047619047619048,0.21348314606741572
0.9047619047619048,0.21348314606741572
0.9047619047619048,0.21348314606741572
0.9047619047619048,0.21348314606741572
0.9047619047619048,0.21348314606741572
0.9047619047619048,0.21348314606741572
0.9047619047619048,0.21348314606741572
0.9047619047619048,0.21348314606741572
0.9047619047619048,0.2111111111111111
0.9047619047619048,0.2111111111111111
0.9047619047619048,0.2111111111111111
0.9047619047619048,0.2111111111111111
0.9047619047619048,0.2111111111111111
0.9047619047619048,0.2111111111111111
0.9047619047619048,0.2087912087912088
0.9047619047619048,0.2087912087912088
0.9047619047619048,0.2087912087912088
0.9047619047619048,0.2087912087912088
0.9047619047619048,0.2087912087912088
0.9047619047619048,0.2087912087912088
0.9047619047619048,0.2087912087912088
0.9047619047619048,0.20652173913043478
0.9047619047619048,0.20430107526881722
0.9047619047619048,0.20430107526881722
0.9047619047619048,0.20430107526881722
0.9047619047619048,0.20430107526881722
0.9047619047619048,0.20430107526881722
0.9047619047619048,0.20430107526881722
0.9047619047619048,0.20430107526881722
0.9047619047619048,0.20430107526881722
0.9047619047619048,0.20430107526881722
0.9047619047619048,0.20430107526881722
0.9047619047619048,0.20430107526881722
0.9047619047619048,0.20430107526881722
0.9047619047619048,0.20430107526881722
0.9047619047619048,0.20430107526881722
0.9047619047619048,0.20430107526881722
0.9047619047619048,0.20430107526881722
0.9047619047619048,0.20430107526881722
0.9047619047619048,0.20430107526881722
0.9047619047619048,0.20430107526881722
0.9047619047619048,0.20430107526881722
0.9047619047619048,0.20430107526881722
0.9047619047619048,0.20430107526881722
0.9047619047619048,0.20430107526881722
0.9047619047619048,0.20430107526881722
0.9047619047619048,0.20430107526881722
0.9047619047619048,0.20430107526881722
0.9047619047619048,0.20430107526881722
0.9047619047619048,0.20430107526881722
0.9047619047619048,0.20430107526881722
0.9047619047619048,0.20430107526881722
0.9047619047619048,0.20430107526881722
0.9047619047619048,0.20212765957446807
0.9047619047619048,0.20212765957446807
0.9047619047619048,0.20212765957446807
0.9047619047619048,0.20212765957446807
0.9047619047619048,0.2
0.9047619047619048,0.2
0.9047619047619048,0.2
0.9047619047619048,0.2
0.9047619047619048,0.2
0.9047619047619048,0.2
0.9047619047619048,0.2
0.9047619047619048,0.2
0.9047619047619048,0.2
0.9047619047619048,0.2
0.9047619047619048,0.2
0.9047619047619048,0.2
0.9047619047619048,0.2
0.9047619047619048,0.2
0.9047619047619048,0.19791666666666666
0.9047619047619048,0.19791666666666666
0.9047619047619048,0.19791666666666666
0.9047619047619048,0.19791666666666666
0.9047619047619048,0.19791666666666666
0.9047619047619048,0.19791666666666666
0.9047619047619048,0.19791666666666666
0.9047619047619048,0.19791666666666666
0.9047619047619048,0.19791666666666666
0.9047619047619048,0.19791666666666666
0.9047619047619048,0.19791666666666666
0.9047619047619048,0.19791666666666666
0.9047619047619048,0.1958762886597938
0.9047619047619048,0.1958762886597938
0.9047619047619048,0.1958762886597938
0.9047619047619048,0.1958762886597938
0.9047619047619048,0.1958762886597938
0.9047619047619048,0.1958762886597938
0.9047619047619048,0.1958762886597938
0.9047619047619048,0.1958762886597938
0.9047619047619048,0.1958762886597938
0.9047619047619048,0.1958762886597938
0.9047619047619048,0.1958762886597938
0.9047619047619048,0.1958762886597938
0.9047619047619048,0.19387755102040816
0.9047619047619048,0.19387755102040816
0.9047619047619048,0.19387755102040816
0.9047619047619048,0.19387755102040816
0.9047619047619048,0.19387755102040816
0.9047619047619048,0.19387755102040816
0.9047619047619048,0.19387755102040816
0.9047619047619048,0.19387755102040816
0.9047619047619048,0.19387755102040816
0.9047619047619048,0.19387755102040816
0.9047619047619048,0.19387755102040816
0.9047619047619048,0.19387755102040816
0.9047619047619048,0.19387755102040816
0.9047619047619048,0.19387755102040816
0.9047619047619048,0.19387755102040816
0.9047619047619048,0.19387755102040816
0.9047619047619048,0.19387755102040816
0.9047619047619048,0.19387755102040816
0.9047619047619048,0.19387755102040816
0.9047619047619048,0.19387755102040816
0.9047619047619048,0.19387755102040816
0.9047619047619048,0.19387755102040816
0.9047619047619048,0.19387755102040816
0.9047619047619048,0.19387755102040816
0.9047619047619048,0.19387755102040816
0.9047619047619048,0.19387755102040816
0.9047619047619048,0.19387755102040816
0.9047619047619048,0.19387755102040816
0.9047619047619048,0.19387755102040816
0.9047619047619048,0.19387755102040816
0.9047619047619048,0.19387755102040816
0.9047619047619048,0.19387755102040816
0.9047619047619048,0.1919191919191919
0.9047619047619048,0.1919191919191919
0.9047619047619048,0.1919191919191919
0.9047619047619048,0.1919191919191919
0.9047619047619048,0.1919191919191919
0.9047619047619048,0.1919191919191919
0.9047619047619048,0.1919191919191919
0.9047619047619048,0.1919191919191919
0.9047619047619048,0.19
0.9047619047619048,0.19
0.9047619047619048,0.19
0.9047619047619048,0.19
0.9047619047619048,0.18811881188118812
0.9047619047619048,0.18811881188118812
0.9047619047619048,0.18811881188118812
0.9047619047619048,0.18811881188118812
0.9047619047619048,0.18811881188118812
0.9047619047619048,0.18811881188118812
0.9047619047619048,0.18811881188118812
0.9047619047619048,0.18811881188118812
0.9047619047619048,0.18627450980392157
0.9047619047619048,0.18446601941747573
0.9047619047619048,0.18446601941747573
0.9047619047619048,0.18446601941747573
0.9047619047619048,0.18446601941747573
0.9047619047619048,0.18446601941747573
0.9047619047619048,0.18446601941747573
0.9047619047619048,0.18446601941747573
0.9047619047619048,0.18446601941747573
0.9047619047619048,0.18269230769230768
0.9047619047619048,0.18269230769230768
0.9047619047619048,0.18095238095238095
0.9047619047619048,0.18095238095238095
0.9047619047619048,0.18095238095238095
0.9047619047619048,0.18095238095238095
0.9047619047619048,0.18095238095238095
0.9047619047619048,0.18095238095238095
0.9047619047619048,0.18095238095238095
0.9047619047619048,0.1792452830188679
0.9047619047619048,0.17757009345794392
0.9047619047619048,0.17757009345794392
0.9047619047619048,0.17757009345794392
0.9047619047619048,0.17757009345794392
0.9047619047619048,0.17757009345794392
0.9047619047619048,0.17757009345794392
0.9047619047619048,0.17757009345794392
0.9047619047619048,0.17757009345794392
0.9047619047619048,0.17757009345794392
0.9047619047619048,0.17757009345794392
0.9047619047619048,0.17592592592592593
0.9047619047619048,0.17592592592592593
0.9047619047619048,0.17592592592592593
0.9047619047619048,0.17592592592592593
0.9047619047619048,0.17592592592592593
0.9047619047619048,0.17592592592592593
0.9047619047619048,0.17592592592592593
0.9047619047619048,0.17592592592592593
0.9047619047619048,0.17592592592592593
0.9047619047619048,0.17592592592592593
0.9047619047619048,0.1743119266055046
0.9047619047619048,0.1743119266055046
0.9047619047619048,0.1743119266055046
0.9047619047619048,0.1743119266055046
0.9047619047619048,0.1743119266055046
0.9047619047619048,0.1743119266055046
0.9047619047619048,0.1743119266055046
0.9047619047619048,0.1743119266055046
0.9047619047619048,0.1743119266055046
0.9047619047619048,0.1743119266055046
0.9047619047619048,0.1743119266055046
0.9047619047619048,0.1743119266055046
0.9047619047619048,0.1743119266055046
0.9047619047619048,0.1743119266055046
0.9047619047619048,0.17272727272727273
0.9047619047619048,0.17272727272727273
0.9047619047619048,0.17272727272727273
0.9047619047619048,0.17272727272727273
0.9047619047619048,0.17272727272727273
0.9047619047619048,0.17272727272727273
0.9047619047619048,0.17272727272727273
0.9047619047619048,0.17117117117117117
0.9047619047619048,0.17117117117117117
0.9047619047619048,0.17117117117117117
0.9047619047619048,0.17117117117117117
0.9047619047619048,0.17117117117117117
0.9047619047619048,0.17117117117117117
0.9047619047619048,0.17117117117117117
0.9047619047619048,0.17117117117117117
0.9047619047619048,0.17117117117117117
0.9047619047619048,0.17117117117117117
0.9047619047619048,0.17117117117117117
0.9047619047619048,0.17117117117117117
0.9047619047619048,0.17117117117117117
0.9047619047619048,0.17117117117117117
0.9047619047619048,0.17117117117117117
0.9047619047619048,0.17117117117117117
0.9047619047619048,0.17117117117117117
0.9047619047619048,0.17117117117117117
0.9047619047619048,0.17117117117117117
0.9047619047619048,0.17117117117117117
0.9047619047619048,0.17117117117117117
0.9047619047619048,0.17117117117117117
0.9047619047619048,0.17117117117117117
0.9047619047619048,0.17117117117117117
0.9047619047619048,0.17117117117117117
0.9047619047619048,0.17117117117117117
0.9047619047619048,0.17117117117117117
0.9047619047619048,0.17117117117117117
0.9047619047619048,0.17117117117117117
0.9047619047619048,0.16964285714285715
0.9047619047619048,0.16964285714285715
0.9047619047619048,0.16964285714285715
0.9047619047619048,0.16964285714285715
0.9047619047619048,0.16964285714285715
0.9047619047619048,0.16964285714285715
0.9047619047619048,0.16964285714285715
0.9047619047619048,0.16964285714285715
0.9047619047619048,0.16964285714285715
0.9047619047619048,0.16964285714285715
0.9047619047619048,0.16964285714285715
0.9047619047619048,0.16964285714285715
0.9047619047619048,0.16964285714285715
0.9047619047619048,0.16964285714285715
0.9047619047619048,0.16964285714285715
0.9047619047619048,0.16964285714285715
0.9047619047619048,0.16964285714285715
0.9047619047619048,0.16964285714285715
0.9047619047619048,0.16964285714285715
0.9047619047619048,0.16964285714285715
0.9047619047619048,0.16964285714285715
0.9047619047619048,0.16964285714285715
0.9047619047619048,0.16964285714285715
0.9047619047619048,0.16964285714285715
0.9047619047619048,0.168141592920354
0.9047619047619048,0.168141592920354
0.9047619047619048,0.168141592920354
0.9047619047619048,0.168141592920354
0.9047619047619048,0.168141592920354
0.9047619047619048,0.168141592920354
0.9047619047619048,0.168141592920354
0.9047619047619048,0.168141592920354
0.9047619047619048,0.168141592920354
0.9047619047619048,0.168141592920354
0.9047619047619048,0.168141592920354
0.9047619047619048,0.168141592920354
0.9047619047619048,0.168141592920354
0.9047619047619048,0.168141592920354
0.9047619047619048,0.168141592920354
0.9047619047619048,0.168141592920354
0.9047619047619048,0.168141592920354
0.9047619047619048,0.168141592920354
0.9047619047619048,0.168141592920354
0.9047619047619048,0.168141592920354
0.9047619047619048,0.168141592920354
0.9047619047619048,0.168141592920354
0.9047619047619048,0.168141592920354
0.9047619047619048,0.168141592920354
0.9047619047619048,0.168141592920354
0.9047619047619048,0.168141592920354
0.9047619047619048,0.168141592920354
0.9047619047619048,0.168141592920354
0.9047619047619048,0.16666666666666666
0.9047619047619048,0.16666666666666666
0.9047619047619048,0.16666666666666666
0.9047619047619048,0.16666666666666666
0.9047619047619048,0.16666666666666666
0.9047619047619048,0.16666666666666666
0.9047619047619048,0.16666666666666666
0.9047619047619048,0.16666666666666666
0.9047619047619048,0.16666666666666666
0.9047619047619048,0.16666666666666666
0.9047619047619048,0.16666666666666666
0.9047619047619048,0.16666666666666666
0.9047619047619048,0.16521739130434782
0.9047619047619048,0.16521739130434782
0.9047619047619048,0.16521739130434782
0.9047619047619048,0.16521739130434782
0.9047619047619048,0.16521739130434782
0.9047619047619048,0.16521739130434782
0.9047619047619048,0.16521739130434782
0.9047619047619048,0.16521739130434782
0.9047619047619048,0.16521739130434782
0.9047619047619048,0.16521739130434782
0.9047619047619048,0.16521739130434782
0.9047619047619048,0.16521739130434782
0.9047619047619048,0.16521739130434782
0.9047619047619048,0.16521739130434782
0.9047619047619048,0.16521739130434782
0.9047619047619048,0.16521739130434782
0.9047619047619048,0.16379310344827586
0.9047619047619048,0.16379310344827586
0.9047619047619048,0.16379310344827586
0.9047619047619048,0.16379310344827586
0.9047619047619048,0.16379310344827586
0.9047619047619048,0.16379310344827586
0.9047619047619048,0.16379310344827586
0.9047619047619048,0.16379310344827586
0.9047619047619048,0.16379310344827586
0.9047619047619048,0.16379310344827586
0.9047619047619048,0.16379310344827586
0.9047619047619048,0.16379310344827586
0.9047619047619048,0.16379310344827586
0.9047619047619048,0.16379310344827586
0.9047619047619048,0.16379310344827586
0.9047619047619048,0.16379310344827586
0.9047619047619048,0.16379310344827586
0.9047619047619048,0.16379310344827586
0.9047619047619048,0.1623931623931624
0.9047619047619048,0.1623931623931624
0.9047619047619048,0.1623931623931624
0.9047619047619048,0.1623931623931624
0.9047619047619048,0.1623931623931624
0.9047619047619048,0.1623931623931624
0.9047619047619048,0.1623931623931624
0.9047619047619048,0.1623931623931624
0.9047619047619048,0.1623931623931624
0.9047619047619048,0.1623931623931624
0.9047619047619048,0.1623931623931624
0.9047619047619048,0.1623931623931624
0.9047619047619048,0.1623931623931624
0.9047619047619048,0.1623931623931624
0.9047619047619048,0.1623931623931624
0.9047619047619048,0.1623931623931624
0.9047619047619048,0.1623931623931624
0.9047619047619048,0.1623931623931624
0.9047619047619048,0.1623931623931624
0.9047619047619048,0.1623931623931624
0.9047619047619048,0.1623931623931624
0.9047619047619048,0.1623931623931624
0.9047619047619048,0.1623931623931624
0.9047619047619048,0.1623931623931624
0.9047619047619048,0.16101694915254236
0.9047619047619048,0.16101694915254236
0.9047619047619048,0.16101694915254236
0.9047619047619048,0.16101694915254236
0.9047619047619048,0.16101694915254236
0.9047619047619048,0.16101694915254236
0.9047619047619048,0.16101694915254236
0.9047619047619048,0.16101694915254236
0.9047619047619048,0.16101694915254236
0.9047619047619048,0.16101694915254236
0.9047619047619048,0.16101694915254236
0.9047619047619048,0.16101694915254236
0.9047619047619048,0.16101694915254236
0.9047619047619048,0.16101694915254236
0.9047619047619048,0.16101694915254236
0.9047619047619048,0.16101694915254236
0.9047619047619048,0.16101694915254236
0.9047619047619048,0.16101694915254236
0.9047619047619048,0.15966386554621848
0.9047619047619048,0.15966386554621848
0.9047619047619048,0.15966386554621848
0.9047619047619048,0.15966386554621848
0.9047619047619048,0.15966386554621848
0.9047619047619048,0.15966386554621848
0.9047619047619048,0.15966386554621848
0.9047619047619048,0.15966386554621848
0.9047619047619048,0.15966386554621848
0.9047619047619048,0.15966386554621848
0.9047619047619048,0.15966386554621848
0.9047619047619048,0.15966386554621848
0.9047619047619048,0.15966386554621848
0.9047619047619048,0.15966386554621848
0.9047619047619048,0.15966386554621848
0.9047619047619048,0.15966386554621848
0.9047619047619048,0.15966386554621848
0.9047619047619048,0.15966386554621848
0.9047619047619048,0.15966386554621848
0.9047619047619048,0.15966386554621848
0.9047619047619048,0.15966386554621848
0.9047619047619048,0.15966386554621848
0.9047619047619048,0.15966386554621848
0.9047619047619048,0.15966386554621848
0.9047619047619048,0.15966386554621848
0.9047619047619048,0.15833333333333333
0.9047619047619048,0.15833333333333333
0.9047619047619048,0.15833333333333333
0.9047619047619048,0.15833333333333333
0.9047619047619048,0.15833333333333333
0.9047619047619048,0.15833333333333333
0.9047619047619048,0.15833333333333333
0.9047619047619048,0.15833333333333333
0.9047619047619048,0.15833333333333333
0.9047619047619048,0.15833333333333333
0.9047619047619048,0.15833333333333333
0.9047619047619048,0.15833333333333333
0.9047619047619048,0.15833333333333333
0.9047619047619048,0.15833333333333333
0.9047619047619048,0.15833333333333333
0.9047619047619048,0.15833333333333333
0.9047619047619048,0.15833333333333333
0.9047619047619048,0.15833333333333333
0.9047619047619048,0.15833333333333333
0.9047619047619048,0.15833333333333333
0.9047619047619048,0.15833333333333333
0.9047619047619048,0.15833333333333333
0.9047619047619048,0.15833333333333333
0.9047619047619048,0.15833333333333333
0.9047619047619048,0.15833333333333333
0.9047619047619048,0.15833333333333333
0.9047619047619048,0.15833333333333333
0.9047619047619048,0.15833333333333333
0.9047619047619048,0.15833333333333333
0.9047619047619048,0.15833333333333333
0.9047619047619048,0.15833333333333333
0.9047619047619048,0.15833333333333333
0.9047619047619048,0.15833333333333333
0.9047619047619048,0.15702479338842976
0.9047619047619048,0.15702479338842976
0.9047619047619048,0.15702479338842976
0.9047619047619048,0.15702479338842976
0.9047619047619048,0.15702479338842976
0.9047619047619048,0.15702479338842976
0.9047619047619048,0.15702479338842976
0.9047619047619048,0.1557377049180328
0.9047619047619048,0.1557377049180328
0.9047619047619048,0.1557377049180328
0.9047619047619048,0.15447154471544716
0.9047619047619048,0.15447154471544716
0.9047619047619048,0.15447154471544716
0.9047619047619048,0.1532258064516129
0.9047619047619048,0.1532258064516129
0.9047619047619048,0.1532258064516129
0.9047619047619048,0.1532258064516129
0.9047619047619048,0.1532258064516129
0.9047619047619048,0.1532258064516129
0.9047619047619048,0.1532258064516129
0.9047619047619048,0.1532258064516129
0.9047619047619048,0.1532258064516129
0.9047619047619048,0.1532258064516129
0.9047619047619048,0.1532258064516129
0.9047619047619048,0.1532258064516129
0.9047619047619048,0.1532258064516129
0.9047619047619048,0.1532258064516129
0.9047619047619048,0.1532258064516129
0.9047619047619048,0.1532258064516129
0.9047619047619048,0.1532258064516129
0.9047619047619048,0.1532258064516129
0.9047619047619048,0.1532258064516129
0.9047619047619048,0.1532258064516129
0.9047619047619048,0.1532258064516129
0.9047619047619048,0.1532258064516129
0.9047619047619048,0.1532258064516129
0.9047619047619048,0.1532258064516129
0.9047619047619048,0.1532258064516129
0.9047619047619048,0.1532258064516129
0.9047619047619048,0.1532258064516129
0.9047619047619048,0.1532258064516129
0.9047619047619048,0.1532258064516129
0.9047619047619048,0.1532258064516129
0.9047619047619048,0.1532258064516129
0.9047619047619048,0.1532258064516129
0.9047619047619048,0.1532258064516129
0.9047619047619048,0.1532258064516129
0.9047619047619048,0.1532258064516129
0.9047619047619048,0.1532258064516129
0.9047619047619048,0.1532258064516129
0.9047619047619048,0.1532258064516129
0.9047619047619048,0.1532258064516129
0.9047619047619048,0.1532258064516129
0.9047619047619048,0.1532258064516129
0.9047619047619048,0.1532258064516129
0.9047619047619048,0.1532258064516129
0.9047619047619048,0.1532258064516129
0.9047619047619048,0.1532258064516129
0.9047619047619048,0.1532258064516129
0.9047619047619048,0.1532258064516129
0.9047619047619048,0.1532258064516129
0.9047619047619048,0.1532258064516129
0.9047619047619048,0.1532258064516129
0.9047619047619048,0.1532258064516129
0.9047619047619048,0.1532258064516129
0.9047619047619048,0.1532258064516129
0.9047619047619048,0.1532258064516129
0.9047619047619048,0.1532258064516129
0.9047619047619048,0.1532258064516129
0.9047619047619048,0.1532258064516129
0.9047619047619048,0.1532258064516129
0.9047619047619048,0.1532258064516129
0.9047619047619048,0.152
0.9047619047619048,0.152
0.9047619047619048,0.152
0.9047619047619048,0.152
0.9047619047619048,0.152
0.9047619047619048,0.152
0.9047619047619048,0.152
0.9047619047619048,0.152
0.9047619047619048,0.152
0.9047619047619048,0.152
0.9047619047619048,0.152
0.9047619047619048,0.152
0.9047619047619048,0.152
0.9047619047619048,0.152
0.9047619047619048,0.152
0.9047619047619048,0.152
0.9047619047619048,0.152
0.9047619047619048,0.152
