6.9388939039072284e-18,0.30527789715420961
0.0033444816053511774,0.30048774156605346
0.006688963210702348,0.29618909861969606
0.010033444816053519,0.29236330923587078
0.013377926421404689,0.2889917143353109
0.016722408026755859,0.28605565483874978
0.020066889632107031,0.28353647166692081
0.023411371237458199,0.28141550574055729
0.026755852842809371,0.2796740979803925
0.030100334448160543,0.27829358930715986
0.033444816053511711,0.2772553206415927
0.03678929765886288,0.27654063290442432
0.040133779264214055,0.276130867016388
0.043478260869565223,0.27600736389821723
0.046822742474916391,0.27615146447064526
0.050167224080267567,0.27654450965440541
0.053511705685618735,0.27716784037023101
0.056856187290969903,0.27800279753885548
0.060200668896321079,0.27903072208101209
0.063545150501672254,0.28023295491743416
0.066889632107023422,0.28159083696885506
0.070234113712374591,0.28308570915600811
0.073578595317725759,0.28469891239962675
0.076923076923076927,0.28641178762044411
0.080267558528428096,0.2882056757391937
0.083612040133779264,0.29006191767660877
0.086956521739130432,0.2919618543534227
0.090301003344481601,0.29388682669036881
0.093645484949832769,0.29581817560818047
0.096989966555183965,0.297737242027591
0.10033444816053513,0.29962536686933366
0.1036789297658863,0.3014638910541419
0.10702341137123747,0.30323415550274901
0.11036789297658864,0.30491750113588828
0.11371237458193981,0.30649682283830404
0.11705685618729098,0.30796735659668134
0.12040133779264214,0.30933022352671463
0.12374581939799331,0.31058658098815678
0.12709030100334448,0.31173758634076076
0.13043478260869565,0.31278439694427951
0.13377926421404682,0.31372817015846599
0.13712374581939799,0.31457006334307308
0.14046822742474915,0.3153112338578537
0.14381270903010032,0.31595283906256089
0.14715719063545149,0.31649603631694756
0.15050167224080269,0.31694198298076653
0.15384615384615385,0.3172918364137709
0.15719063545150502,0.31754675397571352
0.16053511705685619,0.31770789302634733
0.16387959866220736,0.31777641092542525
0.16722408026755853,0.3177534650327003
0.1705685618729097,0.31764021270792531
0.17391304347826086,0.3174378113108533
0.17725752508361203,0.31714741820123721
0.1806020066889632,0.31677019073882989
0.18394648829431437,0.31630728628338439
0.18729096989966554,0.31575986219465357
0.19063545150501671,0.31512907583239036
0.1939799331103679,0.31441608455634779
0.19732441471571907,0.31362204572627866
0.20066889632107024,0.31274811670193603
0.20401337792642141,0.31179545484307281
0.20735785953177258,0.31076521750944192
0.21070234113712374,0.30965856206079623
0.21404682274247491,0.30847664585688878
0.21739130434782608,0.30722062625747248
0.22073578595317725,0.30589166062230028
0.22408026755852842,0.30449127417465105
0.22742474916387959,0.30302759602382268
0.23076923076923075,0.30151446746394467
0.23411371237458192,0.29996591813527201
0.23745819397993312,0.29839597767805959
0.24080267558528429,0.29681867573256232
0.24414715719063546,0.29524804193903509
0.24749163879598662,0.29369810593773288
0.25083612040133779,0.29218289736891051
0.25418060200668896,0.29071644587282297
0.25752508361204013,0.28931278108972514
0.2608695652173913,0.28798593265987193
0.26421404682274247,0.28674993022351825
0.26755852842809363,0.28561880342091905
0.2709030100334448,0.28460658189232924
0.27424749163879597,0.28372729527800367
0.27759197324414714,0.28299497321819728
0.28093645484949831,0.28242364535316505
0.28428093645484948,0.28202734132316182
0.28762541806020064,0.28182009076844255
0.29096989966555181,0.28181592332926209
0.29431438127090298,0.2820288686458754
0.29765886287625415,0.28247295635853736
0.30100334448160537,0.28316221610750297
0.30434782608695654,0.28411067753302705
0.30769230769230771,0.28533237027536457
0.31103678929765888,0.28684132397477036
0.31438127090301005,0.2886515682714994
0.31772575250836121,0.29077713280580664
0.32107023411371238,0.29323204721794693
0.32441471571906355,0.29603034114817522
0.32775919732441472,0.29918604423674638
0.33110367892976589,0.30271318612391535
0.33444816053511706,0.30662535629215293
0.33779264214046822,0.31090973475688266
0.34113712374581939,0.31551256685960494
0.34448160535117056,0.32037657667954716
0.34782608695652173,0.32544448829593675
0.3511705685618729,0.3306590257880011
0.35451505016722407,0.33596291323496763
0.35785953177257523,0.34129887471606368
0.3612040133779264,0.34660963431051683
0.36454849498327757,0.35183791609755433
0.36789297658862874,0.35692644415640357
0.37123745819397991,0.36181794256629207
0.37458193979933108,0.3664551354064472
0.37792642140468224,0.37078074675609635
0.38127090301003341,0.37473750069446699
0.38461538461538458,0.37826812130078635
0.38795986622073581,0.38131533265428214
0.39130434782608697,0.38382185883418141
0.39464882943143814,0.3857304239197118
0.39799331103678931,0.38698375199010071
0.40133779264214048,0.38752456712457545
0.40468227424749165,0.38729559340236352
0.40802675585284282,0.38623955490269224
0.41137123745819398,0.38429917570478911
0.41471571906354515,0.38141717988788143
0.41806020066889632,0.37753629153119672
0.42140468227424749,0.37259923471396234
0.42474916387959866,0.36654873351540573
0.42809364548494983,0.35932751201475421
0.43143812709030099,0.35087829429123529
0.43478260869565216,0.34114380442407627
0.43812709030100333,0.33006676649250466
0.4414715719063545,0.31758990457574782
0.44481605351170567,0.30365600501868556
0.44816053511705684,0.28826987075599042
0.451505016722408,0.27161469581646802
0.45484949832775917,0.25390555424295352
0.45819397993311034,0.23535752007828264
0.46153846153846151,0.21618566736529082
0.46488294314381268,0.19660507014681325
0.46822742474916385,0.17683080246568561
0.47157190635451507,0.1570779383647431
0.47491638795986624,0.1375615518868217
0.47826086956521741,0.11849671707475654
0.48160535117056857,0.10009850797138306
0.48494983277591974,0.082581998619536828
0.48829431438127091,0.066162263062053139
0.49163879598662208,0.051054375341767655
0.49498327759197325,0.03747340950151562
0.49832775919732442,0.025634439584132696
0.50167224080267558,0.015752539632454154
0.50501672240802675,0.0080427836893155469
0.50836120401337792,0.002720245797552312
0.51170568561872909,0.0
0.51505016722408026,9.7120339493883545e-05
0.51839464882943143,0.0032266808588695128
0.52173913043478259,0.0096037556009621605
0.52508361204013376,0.019443418608607654
0.52842809364548493,0.032960743924641267
0.5317725752508361,0.050370805591898604
0.53511705685618727,0.071888677653214689
0.53846153846153844,0.097729434151425348
0.5418060200668896,0.12810814912936602
0.54515050167224077,0.16323989662987201
0.54849498327759194,0.20333975069577898
0.55183946488294311,0.24862278536992205
0.55518394648829428,0.29930407469513709
0.55852842809364545,0.35551782708159479
0.56187290969899661,0.41694575086606039
0.56521739130434778,0.48311224545925585
0.56856187290969895,0.55354155233121527
0.57190635451505012,0.62775791295197214
0.57525083612040129,0.70528556879155946
0.57859531772575246,0.7856487613200116
0.58193979933110362,0.86837173200736162
0.58528428093645479,0.95297872232364345
0.58862876254180596,1.0389939737388905
0.59197324414715713,1.1259417277231358
0.5953177257525083,1.2133462257464136
0.59866220735785947,1.3007317092787578
0.60200668896321075,1.3876224197902043
0.60535117056856191,1.4735425987507804
0.60869565217391308,1.5580164876305236
0.61204013377926425,1.6405683278994672
0.61538461538461542,1.7207223610276441
0.61872909698996659,1.7980028284850882
0.62207357859531776,1.8719339717418337
0.62541806020066892,1.9420400322679134
0.62876254180602009,2.0078452515333614
0.63210702341137126,2.0688738710082104
0.63545150501672243,2.124650132162496
0.6387959866220736,2.1746982764662492
0.64214046822742477,2.2185425453895053
0.64548494983277593,2.2557071804022977
0.6488294314381271,2.2857164229746587
0.65217391304347827,2.3080945145766236
0.65551839464882944,2.3223656966782249
0.65886287625418061,2.3280542107494964
0.66220735785953178,2.3246842982604723
0.66555183946488294,2.3117802006811838
0.66889632107023411,2.2889326071016924
0.67224080267558528,2.2565046601948353
0.67558528428093645,2.2153578597836314
0.67892976588628762,2.1663620116436051
0.68227424749163879,2.1103869215502788
0.68561872909698995,2.0483023952791766
0.68896321070234112,1.9809782386058221
0.69230769230769229,1.9092842573057374
0.69565217391304346,1.834090257154446
0.69899665551839463,1.7562660439274713
0.7023411371237458,1.6766814234003371
0.70568561872909696,1.5962062013485652
0.70903010033444813,1.5157101835476801
0.7123745819397993,1.4360631757732036
0.71571906354515047,1.3581349838006609
0.71906354515050164,1.2827954134055732
0.72240802675585281,1.2109142703634648
0.72575250836120397,1.1433613604498594
0.72909698996655514,1.0810064894402791
0.73244147157190631,1.0247194631102479
0.73578595317725748,0.97537008723528817
0.73913043478260865,0.93382816759092413
0.74247491638795982,0.90096350995267782
0.74581939799331098,0.87764592009607401
0.74916387959866215,0.86474520379663433
0.75250836120401332,0.86313116682988289
0.75585284280936449,0.87367361497134266
0.75919732441471566,0.89724235399653707
0.76254180602006683,0.93470718968098887
0.76588628762541799,0.98693792780022149
0.76923076923076916,1.0548043741297586
0.77257525083612044,1.139176334445126
0.77591973244147161,1.2409236145218412
0.77926421404682278,1.3608904717983297
0.78260869565217395,1.4991463305518782
0.78595317725752512,1.65486482649018
0.78929765886287628,1.8271696962250259
0.79264214046822745,2.0151846763682091
0.79598662207357862,2.2180335035315197
0.79933110367892979,2.434839914326751
0.80267558528428096,2.6647276453656938
0.80602006688963213,2.9068204332601399
0.80936454849498329,3.1602420146218835
0.81270903010033446,3.4241161260627129
0.81605351170568563,3.6975665041944228
0.8193979933110368,3.9797168856288039
0.82274247491638797,4.2696910069776468
0.82608695652173914,4.5666126048527449
0.8294314381270903,4.8696054158658919
0.83277591973244147,5.1777931766288754
0.83612040133779264,5.4902996237534918
0.83946488294314381,5.8062484938515277
0.84280936454849498,6.1247635235347788
0.84615384615384615,6.444968449415037
0.84949832775919731,6.7659870081040934
0.85284280936454848,7.0869429362137382
0.85618729096989965,7.4069599703557651
0.85953177257525082,7.7251618471419672
0.86287625418060199,8.0406723031841327
0.86622073578595316,8.3526150750940573
0.86956521739130432,8.6601138994835285
0.87290969899665549,8.9622925129643427
0.87625418060200666,9.258274652148291
0.87959866220735783,9.5471840536471611
0.882943143812709,9.8281444540727509
0.88628762541806017,10.100279590036848
0.88963210702341133,10.362712138690169
0.8929765886287625,10.614392747191605
0.89632107023411367,10.853911316204458
0.89966555183946484,11.079812321998501
0.90301003344481601,11.290640240843512
0.90635451505016718,11.484939549009265
0.90969899665551834,11.661254722765532
0.91304347826086951,11.818130238382087
0.91638795986622068,11.954110572128707
0.91973244147157185,12.067740200275161
0.92307692307692302,12.157563599091233
0.92642140468227419,12.222125244846685
0.92976588628762535,12.259969613811299
0.93311036789297652,12.269641182254842
0.93645484949832769,12.2496844264471
0.93979933110367886,12.198643822657841
0.94314381270903014,12.115063847156833
0.94648829431438131,11.997488976213857
0.94983277591973247,11.844463686098692
0.95317725752508364,11.654532453081098
0.95652173913043481,11.426239753430863
0.95986622073578598,11.158130063417747
0.96321070234113715,10.848747859311548
0.96655518394648832,10.496637617382016
0.96989966555183948,10.100343813898933
0.97324414715719065,9.6584109251320776
0.97658862876254182,9.1693834273512191
0.97993311036789299,8.6318057968261357
0.98327759197324416,8.0442225098265965
0.98662207357859533,7.4051780426223797
0.98996655518394649,6.7132168714832607
0.99331103678929766,5.9668834726790081
0.99665551839464883,5.1647223224794017
1.0,4.3052778971542081
