6.9388939039072284e-18,0.19092346946561331
0.0033444816053511774,0.20798383006916976
0.006688963210702348,0.22689003354892448
0.010033444816053519,0.2475424907229884
0.013377926421404689,0.26984161240947202
0.016722408026755859,0.29368780942648615
0.020066889632107031,0.31898149259214176
0.023411371237458199,0.34562307272454923
0.026755852842809371,0.3735129606418196
0.030100334448160543,0.40255156716206353
0.033444816053511711,0.43263930310339177
0.03678929765886288,0.46367657928391492
0.040133779264214055,0.49556380652174387
0.043478260869565223,0.52820139563498936
0.046822742474916391,0.56148975744176222
0.050167224080267567,0.59532930276017282
0.053511705685618735,0.62962044240833237
0.056856187290969903,0.66426358720435164
0.060200668896321079,0.69915914796634093
0.063545150501672254,0.73420753551241125
0.066889632107023422,0.76930916066067356
0.070234113712374591,0.8043644342292382
0.073578595317725759,0.83927376703621615
0.076923076923076927,0.87393756989971794
0.080267558528428096,0.90825625363785478
0.083612040133779264,0.94213022906873667
0.086956521739130432,0.97545990701047502
0.090301003344481601,1.0081456982811803
0.093645484949832769,1.0400880136989636
0.096989966555183965,1.0711872640819355
0.10033444816053513,1.1013438602482064
0.1036789297658863,1.1304582130158871
0.10702341137123747,1.1584307332030888
0.11036789297658864,1.1851618316279215
0.11371237458193981,1.2105583929235473
0.11705685618729098,1.2345787147616043
0.12040133779264214,1.2572056122648985
0.12374581939799331,1.2784220515490075
0.12709030100334448,1.2982109987295078
0.13043478260869565,1.3165554199219778
0.13377926421404682,1.3334382812419936
0.13712374581939799,1.348842548805133
0.14046822742474915,1.362751188726973
0.14381270903010032,1.3751471671230913
0.14715719063545149,1.386013450109064
0.15050167224080269,1.3953330038004694
0.15384615384615385,1.403088794312884
0.15719063545150502,1.409263787761885
0.16053511705685619,1.4138409502630507
0.16387959866220736,1.4168032479319568
0.16722408026755853,1.4181336468841814
0.1705685618729097,1.4178151132353014
0.17391304347826086,1.4158306131008942
0.17725752508361203,1.412163112596537
0.1806020066889632,1.406795577837807
0.18394648829431437,1.399710974940281
0.18729096989966554,1.3908922700195365
0.19063545150501671,1.3803224291911507
0.1939799331103679,1.3679844185707011
0.19732441471571907,1.3538612042737646
0.20066889632107024,1.3379357524159183
0.20401337792642141,1.3201910291127397
0.20735785953177258,1.3006100004798056
0.21070234113712374,1.2791756326326933
0.21404682274247491,1.2558708916869805
0.21739130434782608,1.230678743758244
0.22073578595317725,1.2035821549620611
0.22408026755852842,1.1745693714381287
0.22742474916387959,1.1437234263191445
0.23076923076923075,1.1112093409523394
0.23411371237458192,1.0771948400572935
0.23745819397993312,1.0418476483535875
0.24080267558528429,1.0053354905608023
0.24414715719063546,0.96782609139851772
0.24749163879598662,0.92948717558631433
0.25083612040133779,0.89048646784377272
0.25418060200668896,0.85099169289047316
0.25752508361204013,0.81117057544599624
0.2608695652173913,0.77119084022992235
0.26421404682274247,0.73122021196183185
0.26755852842809363,0.69142641536130511
0.2709030100334448,0.65197717514792275
0.27424749163879597,0.61304021604126513
0.27759197324414714,0.57478326276091252
0.28093645484949831,0.53737404002644551
0.28428093645484948,0.50098027255744448
0.28762541806020064,0.46576968507348998
0.29096989966555181,0.43191000229416249
0.29431438127090298,0.39956894893904216
0.29765886287625415,0.36891424972770953
0.30100334448160537,0.34011362937974476
0.30434782608695654,0.31333481261472901
0.30769230769230771,0.28874552415224219
0.31103678929765888,0.26651348871186498
0.31438127090301005,0.24680643101317767
0.31772575250836121,0.22979207577576075
0.32107023411371238,0.21563814771919448
0.32441471571906355,0.20451237156305957
0.32775919732441472,0.19658247202693624
0.33110367892976589,0.19201617383040503
0.33444816053511706,0.19097916035272183
0.33779264214046822,0.19351463455367002
0.34113712374581939,0.19947595474285157
0.34448160535117056,0.20870014850727145
0.34782608695652173,0.22102424343393515
0.3511705685618729,0.23628526710984776
0.35451505016722407,0.25432024712201484
0.35785953177257523,0.27496621105744135
0.3612040133779264,0.29806018650313271
0.36454849498327757,0.32343920104609442
0.36789297658862874,0.35094028227333129
0.37123745819397991,0.380400457771849
0.37458193979933108,0.41165675512865263
0.37792642140468224,0.44454620193074751
0.38127090301003341,0.47890582576513907
0.38461538461538458,0.51457265421883225
0.38795986622073581,0.55138371487883331
0.39130434782608697,0.58917603533214591
0.39464882943143814,0.62778664316577637
0.39799331103678931,0.6670525659667299
0.40133779264214048,0.70681083132201128
0.40468227424749165,0.74689846681862659
0.40802675585284282,0.78715250004358039
0.41137123745819398,0.82740995858387845
0.41471571906354515,0.86750787002652541
0.41806020066889632,0.90728326195852749
0.42140468227424749,0.94657316196688901
0.42474916387959866,0.98521459763861641
0.42809364548494983,1.0230445965607138
0.43143812709030099,1.0599001863201871
0.43478260869565216,1.095618394504041
0.43812709030100333,1.1300362486992817
0.4414715719063545,1.1629907764929137
0.44481605351170567,1.1943190786030868
0.44816053511705684,1.2239310943675874
0.451505016722408,1.2519462838523734
0.45484949832775917,1.2785215502692409
0.45819397993311034,1.303813796829985
0.46153846153846151,1.3279799267464016
0.46488294314381268,1.3511768432302866
0.46822742474916385,1.3735614494934349
0.47157190635451507,1.3952906487476433
0.47491638795986624,1.4165213442047064
0.47826086956521741,1.4374104390764202
0.48160535117056857,1.45811483657458
0.48494983277591974,1.4787914399109821
0.48829431438127091,1.4995971522974219
0.49163879598662208,1.5206888769456945
0.49498327759197325,1.5422235170675962
0.49832775919732442,1.5643579758749224
0.50167224080267558,1.5872491565794684
0.50501672240802675,1.6110539623930302
0.50836120401337792,1.6359292965274039
0.51170568561872909,1.6620320621943843
0.51505016722408026,1.6895191626057673
0.51839464882943143,1.7185475009733489
0.52173913043478259,1.7492739805089244
0.52508361204013376,1.7818555044242894
0.52842809364548493,1.8164489759312394
0.5317725752508361,1.8532112982415705
0.53511705685618727,1.8922993745670778
0.53846153846153844,1.9338701081195575
0.5418060200668896,1.9780804021108049
0.54515050167224077,2.0250871597526157
0.54849498327759194,2.0750472842567858
0.55183946488294311,2.1281176788351099
0.55518394648829428,2.1844552466993852
0.55852842809364545,2.2441632899305715
0.56187290969899661,2.3070451745943181
0.56521739130434778,2.3727999958064463
0.56856187290969895,2.4411267439930704
0.57190635451505012,2.5117244095803044
0.57525083612040129,2.5842919829942606
0.57859531772575246,2.6585284546610541
0.58193979933110362,2.7341328150067974
0.58528428093645479,2.8108040544576052
0.58862876254180596,2.8882411634395893
0.59197324414715713,2.9661431323788645
0.5953177257525083,3.044208951701544
0.59866220735785947,3.1221376118337418
0.60200668896321075,3.1996281032015741
0.60535117056856191,3.2763794162311481
0.60869565217391308,3.3520905413485824
0.61204013377926425,3.4264604689799882
0.61538461538461542,3.4991881895514796
0.61872909698996659,3.5699726934891709
0.62207357859531776,3.6385129712191748
0.62541806020066892,3.7045080131676067
0.62876254180602009,3.7676568097605778
0.63210702341137126,3.8276583514242026
0.63545150501672243,3.8842116285845951
0.6387959866220736,3.9370156316678684
0.64214046822742477,3.9857693511001364
0.64548494983277593,4.0301717773075127
0.6488294314381271,4.0699219007161105
0.65217391304347827,4.1047187117520441
0.65551839464882944,4.1342612008414257
0.65886287625418061,4.158248358410372
0.66220735785953178,4.1763791748849934
0.66555183946488294,4.1883526406914022
0.66889632107023411,4.1938939186189828
0.67224080267558528,4.1930324251800748
0.67558528428093645,4.1859938696115115
0.67892976588628762,4.1730072326955376
0.68227424749163879,4.154301495214396
0.68561872909698995,4.1301056379503276
0.68896321070234112,4.100648641685579
0.69230769230769229,4.066159487202393
0.69565217391304346,4.0268671552830098
0.69899665551839463,3.9830006267096736
0.7023411371237458,3.9347888822646282
0.70568561872909696,3.8824609027301151
0.70903010033444813,3.826245668888379
0.7123745819397993,3.766372161521661
0.71571906354515047,3.7030693614122066
0.71906354515050164,3.6365662493422564
0.72240802675585281,3.5670918060940555
0.72575250836120397,3.4948750124498456
0.72909698996655514,3.4201448491918693
0.73244147157190631,3.3431302971023702
0.73578595317725748,3.2640603369635914
0.73913043478260865,3.1831639495577768
0.74247491638795982,3.1006701156671674
0.74581939799331098,3.0168078160740084
0.74916387959866215,2.9318060315605412
0.75250836120401332,2.8458937429090096
0.75585284280936449,2.7592999309016548
0.75919732441471566,2.6722535763207227
0.76254180602006683,2.5849836599484544
0.76588628762541799,2.4977191625670945
0.76923076923076916,2.4106890649588841
0.77257525083612044,2.324122347906064
0.77591973244147161,2.2382479921908836
0.77926421404682278,2.1532922077365626
0.78260869565217395,2.0693971695076199
0.78595317725752512,1.9866078992241984
0.78929765886287628,1.9049640067724183
0.79264214046822745,1.8245051020383989
0.79598662207357862,1.7452707949082606
0.79933110367892979,1.6673006952681237
0.80267558528428096,1.5906344130041079
0.80602006688963213,1.5153115580023333
0.80936454849498329,1.4413717401489197
0.81270903010033446,1.3688545693299869
0.81605351170568563,1.2977996554316553
0.8193979933110368,1.2282466083400452
0.82274247491638797,1.160235037941276
0.82608695652173914,1.0938045541214685
0.8294314381270903,1.0289947667667416
0.83277591973244147,0.96584528576321627
0.83612040133779264,0.90439572099701182
0.83946488294314381,0.84468568235424868
0.84280936454849498,0.7867547797210469
0.84615384615384615,0.73064262298352622
0.84949832775919731,0.6763888220278067
0.85284280936454848,0.62403298674000873
0.85618729096989965,0.57361472700625171
0.85953177257525082,0.52517365271265604
0.86287625418060199,0.47874937374534182
0.86622073578595316,0.43438149999042863
0.86956521739130432,0.3921096413340367
0.87290969899665549,0.35197340766228635
0.87625418060200666,0.31401240886129722
0.87959866220735783,0.27826625481718931
0.882943143812709,0.2447745554160829
0.88628762541806017,0.2135769205440976
0.88963210702341133,0.18471277761183075
0.8929765886287625,0.15819192456681996
0.89632107023411367,0.13396202644099703
0.89966555183946484,0.11196292462824153
0.90301003344481601,0.092134460522433431
0.90635451505016718,0.074416475517452174
0.90969899665551834,0.058748811007177798
0.91304347826086951,0.045071308385490061
0.91638795986622068,0.03332380904626861
0.91973244147157185,0.023446154383393314
0.92307692307692302,0.015378185790743737
0.92642140468227419,0.0090597446621999145
0.92976588628762535,0.0044306723916415214
0.93311036789297652,0.0014308103729483712
0.93645484949832769,0.0
0.93979933110367886,7.8082666676415613e-05
0.94314381270903014,0.0016048997668573761
0.94648829431438131,0.0045202926944225563
0.94983277591973247,0.008764102843251742
0.95317725752508364,0.014276171607224747
0.95652173913043481,0.020996340380221246
0.95986622073578598,0.028864450556121135
0.96321070234113715,0.037820343528804007
0.96655518394648832,0.047803860692149758
0.96989966555183948,0.058754843440038146
0.97324414715719065,0.070613133166348915
0.97658862876254182,0.083318571264961824
0.97993311036789299,0.096810999129756645
0.98327759197324416,0.1110302581546132
0.98662207357859533,0.12591618973341118
0.98996655518394649,0.14140863526003034
0.99331103678929766,0.15744743612835052
0.99665551839464883,0.17397243373225146
1.0,0.19092346946561292
