6.9388939039072284e-18,0.12146676382198447
0.0033444816053511774,0.10728591454627186
0.006688963210702348,0.094524615017355859
0.010033444816053519,0.083131040695177336
0.013377926421404689,0.073053367039677047
0.016722408026755859,0.064239769510795852
0.020066889632107031,0.056638423568474552
0.023411371237458199,0.050197504672654089
0.026755852842809371,0.044865188283275237
0.030100334448160543,0.040589649860278812
0.033444816053511711,0.037319064863605714
0.03678929765886288,0.035001608753196703
0.040133779264214055,0.033585456988992748
0.043478260869565223,0.033018785030934569
0.046822742474916391,0.033249768338963023
0.050167224080267567,0.034226582373019052
0.053511705685618735,0.035897402593043359
0.056856187290969903,0.038210404458976874
0.060200668896321079,0.041113763430760439
0.063545150501672254,0.044555654968334843
0.066889632107023422,0.048484254531640958
0.070234113712374591,0.052847737580619586
0.073578595317725759,0.057594279575211627
0.076923076923076927,0.062672055975357868
0.080267558528428096,0.068029242240999183
0.083612040133779264,0.073614013832076428
0.086956521739130432,0.079374546208530378
0.090301003344481601,0.085259014830301932
0.093645484949832769,0.091215595157331922
0.096989966555183965,0.097192462649561218
0.10033444816053513,0.10313779276693058
0.1036789297658863,0.10899976096938088
0.10702341137123747,0.11472654271685297
0.11036789297658864,0.12026631346928769
0.11371237458193981,0.1255707942818258
0.11705685618729098,0.13061986423096261
0.12040133779264214,0.13540683017209926
0.12374581939799331,0.1399250816567349
0.12709030100334448,0.14416800823636861
0.13043478260869565,0.14812899946249949
0.13377926421404682,0.1518014448866267
0.13712374581939799,0.15517873406024929
0.14046822742474915,0.15825425653486641
0.14381270903010032,0.16102140186197714
0.14715719063545149,0.16347355959308063
0.15050167224080269,0.16560411927967597
0.15384615384615385,0.16740647047326226
0.15719063545150502,0.16887400272533862
0.16053511705685619,0.17000010558740419
0.16387959866220736,0.17077816861095801
0.16722408026755853,0.17120158134749924
0.1705685618729097,0.17126373334852701
0.17391304347826086,0.17095801416554041
0.17725752508361203,0.17027781335003855
0.1806020066889632,0.16921652045352054
0.18394648829431437,0.16776752502748546
0.18729096989966554,0.16592421662343249
0.19063545150501671,0.16367998479286067
0.1939799331103679,0.16102821908726914
0.19732441471571907,0.157962309058157
0.20066889632107024,0.15447564425702343
0.20401337792642141,0.15056161423536746
0.20735785953177258,0.14621360854468821
0.21070234113712374,0.14142501673648483
0.21404682274247491,0.13618922836225639
0.21739130434782608,0.13049963297350203
0.22073578595317725,0.12434962012172084
0.22408026755852842,0.1177350049637664
0.22742474916387959,0.11069514712381576
0.23076923076923075,0.10330707102599013
0.23411371237458192,0.095649043004352202
0.23745819397993312,0.08779932939296467
0.24080267558528429,0.079836196525890357
0.24414715719063546,0.071837910737191896
0.24749163879598662,0.063882738360932056
0.25083612040133779,0.056048945731173444
0.25418060200668896,0.048414799181978871
0.25752508361204013,0.041058565047411025
0.2608695652173913,0.034058509661532649
0.26421404682274247,0.027492899358406445
0.26755852842809363,0.021440000472095058
0.2709030100334448,0.015978079336661288
0.27424749163879597,0.011185402286167809
0.27759197324414714,0.0071402356546773488
0.28093645484949831,0.0039208457762526377
0.28428093645484948,0.0016054989849563772
0.28762541806020064,0.0002724616148512965
0.29096989966555181,0.0
0.29431438127090298,0.00086638047446538358
0.29765886287625415,0.0029498693723100655
0.30100334448160537,0.0063287330275968029
0.30434782608695654,0.011081237774388256
0.30769230769230771,0.017285649946747139
0.31103678929765888,0.025020235878736211
0.31438127090301005,0.034363261904418185
0.31772575250836121,0.045392994357855737
0.32107023411371238,0.058187699573111554
0.32441471571906355,0.072825643884248475
0.32775919732441472,0.089385093625329134
0.33110367892976589,0.10794431513041627
0.33444816053511706,0.12858020997825462
0.33779264214046822,0.15128779442851054
0.34113712374581939,0.17593516249627944
0.34448160535117056,0.20237949015411263
0.34782608695652173,0.23047795337456162
0.3511705685618729,0.26008772813017778
0.35451505016722407,0.29106599039351261
0.35785953177257523,0.32326991613711742
0.3612040133779264,0.35655668133354385
0.36454849498327757,0.3907834619553433
0.36789297658862874,0.42580743397506693
0.37123745819397991,0.46148577336526636
0.37458193979933108,0.49767565609849307
0.37792642140468224,0.53423425814729841
0.38127090301003341,0.57101875548423386
0.38461538461538458,0.60788632408185095
0.38795986622073581,0.64469413991270141
0.39130434782608697,0.68129937894933579
0.39464882943143814,0.71755921716430593
0.39799331103678931,0.7533308305301637
0.40133779264214048,0.78847139501945973
0.40468227424749165,0.822838086604746
0.40802675585284282,0.85628808125857392
0.41137123745819398,0.88867855495349479
0.41471571906354515,0.91986668366205993
0.41806020066889632,0.94970964335682106
0.42140468227424749,0.97806461001032952
0.42474916387959866,1.0047887595951368
0.42809364548494983,1.0297392680837942
0.43143812709030099,1.0527733114488533
0.43478260869565216,1.0737480656628651
0.43812709030100333,1.0925207066983815
0.4414715719063545,1.1089484105279541
0.44481605351170567,1.1228884236755932
0.44816053511705684,1.1342682619186806
0.451505016722408,1.1432175709652308
0.45484949832775917,1.1499021188703729
0.45819397993311034,1.1544876736892349
0.46153846153846151,1.1571400034769459
0.46488294314381268,1.1580248762886349
0.46822742474916385,1.1573080601794299
0.47157190635451507,1.1551553232044605
0.47491638795986624,1.1517324334188548
0.47826086956521741,1.1472051588777419
0.48160535117056857,1.1417392676362506
0.48494983277591974,1.1355005277495089
0.48829431438127091,1.1286547072726472
0.49163879598662208,1.1213675742607918
0.49498327759197325,1.1138048967690739
0.49832775919732442,1.1061324428526207
0.50167224080267558,1.0985159805665614
0.50501672240802675,1.0911212779660246
0.50836120401337792,1.0841141031061394
0.51170568561872909,1.0776602240420343
0.51505016722408026,1.0719254088288379
0.51839464882943143,1.0670754255216792
0.52173913043478259,1.0632760421756871
0.52508361204013376,1.0606930268459898
0.52842809364548493,1.0594921475877161
0.5317725752508361,1.0598391724559952
0.53511705685618727,1.0618998695059554
0.53846153846153844,1.0658400067927261
0.5418060200668896,1.0718253523714352
0.54515050167224077,1.080021674297212
0.54849498327759194,1.0905947406251848
0.55183946488294311,1.1037103194104829
0.55518394648829428,1.1195341787082347
0.55852842809364545,1.1382092463089024
0.56187290969899661,1.159750642662575
0.56521739130434778,1.1841290567669822
0.56856187290969895,1.2113151330099623
0.57190635451505012,1.2412795157793528
0.57525083612040129,1.2739928494629917
0.57859531772575246,1.3094257784487171
0.58193979933110362,1.3475489471243662
0.58528428093645479,1.3883329998777771
0.58862876254180596,1.431748581096788
0.59197324414715713,1.4777663351692358
0.5953177257525083,1.526356906482959
0.59866220735785947,1.5774909394257954
0.60200668896321075,1.6311390783855841
0.60535117056856191,1.6872719677501602
0.60869565217391308,1.7458602519073629
0.61204013377926425,1.8068745752450299
0.61538461538461542,1.8702855821509985
0.61872909698996659,1.9360639170131073
0.62207357859531776,2.0041802242191942
0.62541806020066892,2.0746051481570964
0.62876254180602009,2.1473093332146522
0.63210702341137126,2.2222634237796988
0.63545150501672243,2.2994380642400754
0.6387959866220736,2.3788038989836178
0.64214046822742477,2.4603315723981654
0.64548494983277593,2.5439917288715557
0.6488294314381271,2.6297550127916258
0.65217391304347827,2.7175920685462147
0.65551839464882944,2.807473540523159
0.65886287625418061,2.8993700731102972
0.66220735785953178,2.9932523106954676
0.66555183946488294,3.0890908976665052
0.66889632107023411,3.1868474600974439
0.67224080267558528,3.2863787861642892
0.67558528428093645,3.3874740266894841
0.67892976588628762,3.4899212052062487
0.68227424749163879,3.5935083452478009
0.68561872909698995,3.6980234703473589
0.68896321070234112,3.8032546040381434
0.69230769230769229,3.9089897698533718
0.69565217391304346,4.0150169913262621
0.69899665551839463,4.1211242919900339
0.7023411371237458,4.2270996953779028
0.70568561872909696,4.3327312250230916
0.70903010033444813,4.4378069044588173
0.7123745819397993,4.5421147572182976
0.71571906354515047,4.6454428068347529
0.71906354515050164,4.7475790768413999
0.72240802675585281,4.8483115907714573
0.72575250836120397,4.9474283721581447
0.72909698996655514,5.0447174445346814
0.73244147157190631,5.1399668314342826
0.73578595317725748,5.2329645563901694
0.73913043478260865,5.3234986429355624
0.74247491638795982,5.4113571146036765
0.74581939799331098,5.4963279949277313
0.74916387959866215,5.5781993074409471
0.75250836120401332,5.6567590756765407
0.75585284280936449,5.7317953231677281
0.75919732441471566,5.8030960734477333
0.76254180602006683,5.8704493500497739
0.76588628762541799,5.9336431765070676
0.76923076923076916,5.9924655763528305
0.77257525083612044,6.0467045731202855
0.77591973244147161,6.0961481903426478
0.77926421404682278,6.1405884180262156
0.78260869565217395,6.1799375418686697
0.78595317725752512,6.2142469220300542
0.78929765886287628,6.2435756656881534
0.79264214046822745,6.2679828800207451
0.79598662207357862,6.2875276722056093
0.79933110367892979,6.302269149420531
0.80267558528428096,6.3122664188432882
0.80602006688963213,6.3175785876516608
0.80936454849498329,6.3182647630234321
0.81270903010033446,6.314384052136381
0.81605351170568563,6.305995562168289
0.8193979933110368,6.293158400296937
0.82274247491638797,6.2759316737001054
0.82608695652173914,6.2543744895555768
0.8294314381270903,6.2285459550411293
0.83277591973244147,6.1985051773345443
0.83612040133779264,6.1643112636136044
0.83946488294314381,6.1260233210560884
0.84280936454849498,6.0837004568397788
0.84615384615384615,6.0374017781424545
0.84949832775919731,5.9871863921418988
0.85284280936454848,5.933113406015889
0.85618729096989965,5.8752419269422091
0.85953177257525082,5.8136310620986391
0.86287625418060199,5.7483399186629605
0.86622073578595316,5.679427603812953
0.86956521739130432,5.6069532247263956
0.87290969899665549,5.5309758885810725
0.87625418060200666,5.4515547025547626
0.87959866220735783,5.3687487738252466
0.882943143812709,5.2826172095703079
0.88628762541806017,5.1932191169677235
0.88963210702341133,5.1006137496450936
0.8929765886287625,5.0048841410192741
0.89632107023411367,4.9061631906702585
0.89966555183946484,4.8045900772140095
0.90301003344481601,4.7003039792664847
0.90635451505016718,4.5934440754436459
0.90969899665551834,4.4841495443614496
0.91304347826086951,4.3725595646358579
0.91638795986622068,4.2588133148828291
0.91973244147157185,4.1430499737183233
0.92307692307692302,4.0254087197583015
0.92642140468227419,3.9060287316187208
0.92976588628762535,3.7850491879155417
0.93311036789297652,3.662609267264723
0.93645484949832769,3.5388481482822267
0.93979933110367886,3.4139050095840107
0.94314381270903014,3.2879190297860306
0.94648829431438131,3.1610293875042537
0.94983277591973247,3.0333752613546365
0.95317725752508364,2.9050958299531366
0.95652173913043481,2.7763302719157164
0.95986622073578598,2.6472177658583336
0.96321070234113715,2.5178974903969493
0.96655518394648832,2.3885086241475211
0.96989966555183948,2.259190345726009
0.97324414715719065,2.130081833748374
0.97658862876254182,2.0013222668305746
0.97993311036789299,1.873050823588571
0.98327759197324416,1.7454066826383219
0.98662207357859533,1.6185290225957873
0.98996655518394649,1.4925570220769269
0.99331103678929766,1.3676298596977006
0.99665551839464883,1.243886714074067
1.0,1.1214667638219862
