6.9388939039072284e-18,0.10712399060097212
0.0033444816053511774,0.11148516688593696
0.006688963210702348,0.11540474528323356
0.010033444816053519,0.11889914719163422
0.013377926421404689,0.12198479400991113
0.016722408026755859,0.12467810713683655
0.020066889632107031,0.1269955079711827
0.023411371237458199,0.1289534179117218
0.026755852842809371,0.13056825835722607
0.030100334448160543,0.13185645070646779
0.033444816053511711,0.13283441635821916
0.03678929765886288,0.13351857671125239
0.040133779264214055,0.13392535316433976
0.043478260869565223,0.13407116711625344
0.046822742474916391,0.13397243996576574
0.050167224080267567,0.13364559311164878
0.053511705685618735,0.13310704795267492
0.056856187290969903,0.13237322588761627
0.060200668896321079,0.13146054831524515
0.063545150501672254,0.13038543663433375
0.066889632107023422,0.12916431224365429
0.070234113712374591,0.12781359654197905
0.073578595317725759,0.12634971092808017
0.076923076923076927,0.12478907680073001
0.080267558528428096,0.1231481155587007
0.083612040133779264,0.1214432486007645
0.086956521739130432,0.11969089732569363
0.090301003344481601,0.11790748313226035
0.093645484949832769,0.11610942741923687
0.096989966555183965,0.1143131515853954
0.10033444816053513,0.11253507702950823
0.1036789297658863,0.11079162515034753
0.10702341137123747,0.10909921734668557
0.11036789297658864,0.10747427501729456
0.11371237458193981,0.10593197983705391
0.11705685618729098,0.10447766797680794
0.12040133779264214,0.10311198055977183
0.12374581939799331,0.10183552979431784
0.12709030100334448,0.10064892788881818
0.13043478260869565,0.099552787051645122
0.13377926421404682,0.09854771949117086
0.13712374581939799,0.097634337415767672
0.14046822742474915,0.09681325303380775
0.14381270903010032,0.096085078553663342
0.14715719063545149,0.095450426183706694
0.15050167224080269,0.094909908132310025
0.15384615384615385,0.094464136607845597
0.15719063545150502,0.094113723818685616
0.16053511705685619,0.093859281973202313
0.16387959866220736,0.093701423279767951
0.16722408026755853,0.093640759946754748
0.1705685618729097,0.093677904182534924
0.17391304347826086,0.09381346819548074
0.17725752508361203,0.094048064193964415
0.1806020066889632,0.094382304386358196
0.18394648829431437,0.094816800981034302
0.18729096989966554,0.095352166186364967
0.19063545150501671,0.095989012210722438
0.1939799331103679,0.096727951262478948
0.19732441471571907,0.09756959555000673
0.20066889632107024,0.098514557281678017
0.20401337792642141,0.099563448665865029
0.20735785953177258,0.10071688191094003
0.21070234113712374,0.10197546922527523
0.21404682274247491,0.10333982281724285
0.21739130434782608,0.10481055489521518
0.22073578595317725,0.10638827766756441
0.22408026755852842,0.10807304657424048
0.22742474916387959,0.10985492194847603
0.23076923076923075,0.11171531862344213
0.23411371237458192,0.1136353663668776
0.23745819397993312,0.11559619494652131
0.24080267558528429,0.11757893413011203
0.24414715719063546,0.11956471368538862
0.24749163879598662,0.12153466338008992
0.25083612040133779,0.12346991298195475
0.25418060200668896,0.12535159225872197
0.25752508361204013,0.12716083097813038
0.2608695652173913,0.12887875890791881
0.26421404682274247,0.1304865058158261
0.26755852842809363,0.13196520146959112
0.2709030100334448,0.13329597563695267
0.27424749163879597,0.13445995808564953
0.27759197324414714,0.13543827858342064
0.28093645484949831,0.13621206689800475
0.28428093645484948,0.13676245279714072
0.28762541806020064,0.13707056604856738
0.29096989966555181,0.13711753642002356
0.29431438127090298,0.1368844936792481
0.29765886287625415,0.13635256759397985
0.30100334448160537,0.13550288793195756
0.30434782608695654,0.13431658446092015
0.30769230769230771,0.13277478694860642
0.31103678929765888,0.1308586251627552
0.31438127090301005,0.12854922887110537
0.31772575250836121,0.12582772784139568
0.32107023411371238,0.12267525184136502
0.32441471571906355,0.11907293063875218
0.32775919732441472,0.11500189400129601
0.33110367892976589,0.11044327169673536
0.33444816053511706,0.10537877212832097
0.33779264214046822,0.099824821830019839
0.34113712374581939,0.093851660438408799
0.34448160535117056,0.087534156674160341
0.34782608695652173,0.080947179257946866
0.3511705685618729,0.07416559691044089
0.35451505016722407,0.067264278352314744
0.35785953177257523,0.060318092304240942
0.3612040133779264,0.053401907486891893
0.36454849498327757,0.046590592620939973
0.36789297658862874,0.039959016427057722
0.37123745819397991,0.03358204762591753
0.37458193979933108,0.027534554938191874
0.37792642140468224,0.021891407084553061
0.38127090301003341,0.01672747278567363
0.38461538461538458,0.012117620762226
0.38795986622073581,0.0081367197348825582
0.39130434782608697,0.0048596384243158458
0.39464882943143814,0.0023612455511982516
0.39799331103678931,0.00071640983620209486
0.40133779264214048,0.0
0.40468227424749165,0.00028688476326427237
0.40802675585284282,0.0016519328466674116
0.41137123745819398,0.0041700129708818479
0.41471571906354515,0.0079159938565799837
0.41806020066889632,0.012964744224434208
0.42140468227424749,0.019391132795117103
0.42474916387959866,0.027270028289300904
0.42809364548494983,0.036676299427658265
0.43143812709030099,0.047684814930861436
0.43478260869565216,0.060370443519582935
0.43812709030100333,0.074808053914495243
0.4414715719063545,0.091072514836270671
0.44481605351170567,0.10923865114583996
0.44816053511705684,0.12933760340126293
0.451505016722408,0.15127485400023347
0.45484949832775917,0.17493342915262444
0.45819397993311034,0.20019635506830874
0.46153846153846151,0.2269466579571591
0.46488294314381268,0.25506736402904845
0.46822742474916385,0.28444149949384967
0.47157190635451507,0.31495209056143597
0.47491638795986624,0.34648216344167915
0.47826086956521741,0.37891474434445277
0.48160535117056857,0.41213285947962947
0.48494983277591974,0.44601953505708197
0.48829431438127091,0.48045779728668359
0.49163879598662208,0.51533067237830665
0.49498327759197325,0.55052118654182425
0.49832775919732442,0.58591236598710905
0.50167224080267558,0.62138723692403408
0.50501672240802675,0.65682882556247202
0.50836120401337792,0.69212015811229588
0.51170568561872909,0.72714426078337835
0.51505016722408026,0.76178415978559233
0.51839464882943143,0.79592288132881051
0.52173913043478259,0.82944345162290622
0.52508361204013376,0.86222889687775162
0.52842809364548493,0.89416224330322014
0.5317725752508361,0.92512651710918403
0.53511705685618727,0.95500474450551631
0.53846153846153844,0.98367995170209033
0.5418060200668896,1.0110351649087785
0.54515050167224077,1.0369534103354534
0.54849498327759194,1.0613177141919881
0.55183946488294311,1.0840111026882562
0.55518394648829428,1.104916602034129
0.55852842809364545,1.1239386289554372
0.56187290969899661,1.1411012951549904
0.56521739130434778,1.1564703235736706
0.56856187290969895,1.1701114789307119
0.57190635451505012,1.1820905259453471
0.57525083612040129,1.1924732293368099
0.57859531772575246,1.2013253538243338
0.58193979933110362,1.2087126641271522
0.58528428093645479,1.2147009249644982
0.58862876254180596,1.2193559010556057
0.59197324414715713,1.2227433571197075
0.5953177257525083,1.2249290578760375
0.59866220735785947,1.2259787680438288
0.60200668896321075,1.2259582523423145
0.60535117056856191,1.2249332754907289
0.60869565217391308,1.2229696022083052
0.61204013377926425,1.2201329972142763
0.61538461538461542,1.2164892252278758
0.61872909698996659,1.212104050968337
0.62207357859531776,1.207043239154894
0.62541806020066892,1.2013725545067793
0.62876254180602009,1.1951577617432267
0.63210702341137126,1.1884646255834697
0.63545150501672243,1.1813589107467417
0.6387959866220736,1.1739063819522759
0.64214046822742477,1.166172803919306
0.64548494983277593,1.1582239413670652
0.6488294314381271,1.1501255590147872
0.65217391304347827,1.1419434215817048
0.65551839464882944,1.1337432937870517
0.65886287625418061,1.1255909403500617
0.66220735785953178,1.1175521259899679
0.66555183946488294,1.1096926154260032
0.66889632107023411,1.1020919532675189
0.67224080267558528,1.094989875346472
0.67558528428093645,1.0887294666706948
0.67892976588628762,1.083655534734286
0.68227424749163879,1.0801128870313432
0.68561872909698995,1.0784463310559635
0.68896321070234112,1.0790006743022458
0.69230769230769229,1.0821207242642872
0.69565217391304346,1.0881512884361852
0.69899665551839463,1.0974371743120379
0.7023411371237458,1.1103231893859429
0.70568561872909696,1.1271541411519979
0.70903010033444813,1.1482748371043008
0.7123745819397993,1.1740300847369489
0.71571906354515047,1.2047646915440409
0.71906354515050164,1.2408234650196737
0.72240802675585281,1.2825512126579452
0.72575250836120397,1.3302927419529536
0.72909698996655514,1.3843928603987961
0.73244147157190631,1.4451963754895703
0.73578595317725748,1.5130480947193745
0.73913043478260865,1.5882928255823066
0.74247491638795982,1.6712753755724634
0.74581939799331098,1.7623405521839433
0.74916387959866215,1.861833162910844
0.75250836120401332,1.9700980152472634
0.75585284280936449,2.0874799166872986
0.75919732441471566,2.2143236747250477
0.76254180602006683,2.3509740968546091
0.76588628762541799,2.4977759905700805
0.76923076923076916,2.6550741633655583
0.77257525083612044,2.8232134227351469
0.77591973244147161,3.0025385761729328
0.77926421404682278,3.1933778198698857
0.78260869565217395,3.3955555603391305
0.78595317725752512,3.6083137702776811
0.78929765886287628,3.830861978431118
0.79264214046822745,4.0624097135450237
0.79598662207357862,4.3021665043649771
0.79933110367892979,4.5493418796365619
0.80267558528428096,4.8031453681053593
0.80602006688963213,5.0627864985169486
0.80936454849498329,5.3274747996169118
0.81270903010033446,5.5964198001508292
0.81605351170568563,5.8688310288642853
0.8193979933110368,6.1439180145028596
0.82274247491638797,6.4208902858121304
0.82608695652173914,6.6989573715376833
0.8294314381270903,6.9773288004250986
0.83277591973244147,7.2552141012199547
0.83612040133779264,7.5318228026678353
0.83946488294314381,7.8063644335143216
0.84280936454849498,8.0780485225049965
0.84615384615384615,8.3460845983854366
0.84949832775919731,8.6096821899012266
0.85284280936454848,8.8680508257979458
0.85618729096989965,9.1204000348211789
0.85953177257525082,9.3659393457165052
0.86287625418060199,9.6038782872295023
0.86622073578595316,9.8334263881057584
0.86956521739130432,10.053793177090848
0.87290969899665549,10.264188182930353
0.87625418060200666,10.463820934369863
0.87959866220735783,10.651900960154949
0.882943143812709,10.827637789031201
0.88628762541806017,10.990240949744191
0.88963210702341133,11.138919386509338
0.8929765886287625,11.272787130456063
0.89632107023411367,11.390759180191647
0.89966555183946484,11.49172547259244
0.90301003344481601,11.574575944534782
0.90635451505016718,11.638200532895016
0.90969899665551834,11.681489174549489
0.91304347826086951,11.703331806374541
0.91638795986622068,11.702618365246517
0.91973244147157185,11.678238788041758
0.92307692307692302,11.629083011636613
0.92642140468227419,11.554040972907424
0.92976588628762535,11.452002608730529
0.93311036789297652,11.321857855982275
0.93645484949832769,11.162496651539008
0.93979933110367886,10.972808932277072
0.94314381270903014,10.751684635072799
0.94648829431438131,10.498013696802547
0.94983277591973247,10.210686054342657
0.95317725752508364,9.8885916445694644
0.95652173913043481,9.5306204043593219
0.95986622073578598,9.1356622705885648
0.96321070234113715,8.7026071801335494
0.96655518394648832,8.2303450698706051
0.96989966555183948,7.7177658766760819
0.97324414715719065,7.1637595374263228
0.97658862876254182,6.5672159889976705
0.97993311036789299,5.9270251682664696
0.98327759197324416,5.2420770121090623
0.98662207357859533,4.5112614574017948
0.98996655518394649,3.7334684410210088
0.99331103678929766,2.9075878998430489
0.99665551839464883,2.0325097707442548
1.0,1.107123990600974
