6.9388939039072284e-18,0.15462739854466159
0.0033444816053511774,0.13515745516193381
0.006688963210702348,0.11764481333886359
0.010033444816053519,0.10201752217683624
0.013377926421404689,0.088203630777236947
0.016722408026755859,0.076131188241451098
0.020066889632107031,0.065728243670863828
0.023411371237458199,0.056922846166860608
0.026755852842809371,0.049643044830826641
0.030100334448160543,0.043816888764147202
0.033444816053511711,0.039372427068207649
0.03678929765886288,0.036237708844393146
0.040133779264214055,0.034340783194089092
0.043478260869565223,0.033609699218680789
0.046822742474916391,0.0339725060195534
0.050167224080267567,0.035357252698092395
0.053511705685618735,0.037691988355682951
0.056856187290969903,0.040904762093710328
0.060200668896321079,0.044923623013559927
0.063545150501672254,0.049676620216616937
0.066889632107023422,0.055091802804266704
0.070234113712374591,0.061097219877894446
0.073578595317725759,0.067620920538885562
0.076923076923076927,0.074590953888625244
0.080267558528428096,0.081935369028498836
0.083612040133779264,0.08958221505989164
0.086956521739130432,0.097459541084188916
0.090301003344481601,0.10549539620277593
0.093645484949832769,0.11361782951703801
0.096989966555183965,0.12175489012836052
0.10033444816053513,0.1298346271381286
0.1036789297658863,0.13778508964772759
0.10702341137123747,0.1455343267585428
0.11036789297658864,0.15301038757195951
0.11371237458193981,0.16014643547507323
0.11705685618729098,0.16691624993158194
0.12040133779264214,0.17331297908488497
0.12374581939799331,0.17932989036201341
0.12709030100334448,0.18496025118999831
0.13043478260869565,0.1901973289958708
0.13377926421404682,0.19503439120666188
0.13712374581939799,0.19946470524940269
0.14046822742474915,0.20348153855112425
0.14381270903010032,0.20707815853885767
0.14715719063545149,0.21024783263963401
0.15050167224080269,0.2129838282804844
0.15384615384615385,0.21527941288843977
0.15719063545150502,0.21712785389053135
0.16053511705685619,0.21852241871379013
0.16387959866220736,0.21945637478524721
0.16722408026755853,0.21992298953193368
0.1705685618729097,0.21991553038088058
0.17391304347826086,0.219427264759119
0.17725752508361203,0.21845146009368002
0.1806020066889632,0.21698138381159474
0.18394648829431437,0.21501030333989418
0.18729096989966554,0.21253148610560946
0.19063545150501671,0.20953819953577163
0.1939799331103679,0.20602371105741174
0.19732441471571907,0.20198128809756091
0.20066889632107024,0.19740419808325022
0.20401337792642141,0.19228570844151074
0.20735785953177258,0.18661908659937351
0.21070234113712374,0.18039759998386962
0.21404682274247491,0.17361451602203018
0.21739130434782608,0.16626310214088622
0.22073578595317725,0.15833662576746882
0.22408026755852842,0.14983137255478812
0.22742474916387959,0.1407978113486304
0.23076923076923075,0.13133327800778477
0.23411371237458192,0.12153665372274161
0.23745819397993312,0.11150681968399136
0.24080267558528429,0.10134265708202446
0.24414715719063546,0.091143047107331343
0.24749163879598662,0.081006870950402377
0.25083612040133779,0.071033009801727914
0.25418060200668896,0.061320344851798436
0.25752508361204013,0.051967757291104338
0.2608695652173913,0.043074128310136059
0.26421404682274247,0.034738339099384022
0.26755852842809363,0.02705927084933854
0.2709030100334448,0.020135804750490094
0.27424749163879597,0.014066821993329093
0.27759197324414714,0.0089512037683459333
0.28093645484949831,0.0048878312660310674
0.28428093645484948,0.0019755856768748636
0.28762541806020064,0.00031334819136774605
0.29096989966555181,0.0
0.29431438127090298,0.0011344222932623271
0.29765886287625415,0.003815496261644874
0.30100334448160537,0.008142103095638259
0.30434782608695654,0.014213123985732684
0.30769230769230771,0.02212744012241874
0.31103678929765888,0.03198393269618667
0.31438127090301005,0.043881482897526969
0.31772575250836121,0.057918971916930087
0.32107023411371238,0.074195280944886338
0.32441471571906355,0.092809291171886243
0.32775919732441472,0.11385988378842019
0.33110367892976589,0.13744593998497856
0.33444816053511706,0.16366434068958774
0.33779264214046822,0.19249195108242867
0.34113712374581939,0.22371961193452322
0.34448160535117056,0.25712216191717968
0.34782608695652173,0.29247443970170695
0.3511705685618729,0.32955128395941347
0.35451505016722407,0.36812753336160819
0.35785953177257523,0.40797802657959958
0.3612040133779264,0.44887760228469675
0.36454849498327757,0.49060109914820804
0.36789297658862874,0.53292335584144179
0.37123745819397991,0.57561921103570746
0.37458193979933108,0.61846350340231315
0.37792642140468224,0.66123107161256778
0.38127090301003341,0.70369675433778001
0.38461538461538458,0.74563539024925829
0.38795986622073581,0.7868218180183123
0.39130434782608697,0.8270308763162495
0.39464882943143814,0.86603740381437855
0.39799331103678931,0.90361623918400924
0.40133779264214048,0.93954222109644892
0.40468227424749165,0.9735901882230078
0.40802675585284282,1.005534979234993
0.41137123745819398,1.0351514328037141
0.41471571906354515,1.0622143876004795
0.41806020066889632,1.0864986822965983
0.42140468227424749,1.1077791555633787
0.42474916387959866,1.1258306460721301
0.42809364548494983,1.14042799249416
0.43143812709030099,1.1513460335007781
0.43478260869565216,1.1583596077632927
0.43812709030100333,1.1612435539530126
0.4414715719063545,1.1597727107412461
0.44481605351170567,1.153722039349113
0.44816053511705684,1.1429885606092036
0.451505016722408,1.1278204005618027
0.45484949832775917,1.1085284307502816
0.45819397993311034,1.0854235227180105
0.46153846153846151,1.0588165480083598
0.46488294314381268,1.0290183781647007
0.46822742474916385,0.99633988473040347
0.47157190635451507,0.96109193924883807
0.47491638795986624,0.92358541326337684
0.47826086956521741,0.88413117831738919
0.48160535117056857,0.84304010595424594
0.48494983277591974,0.80062306771731795
0.48829431438127091,0.75719093514997604
0.49163879598662208,0.71305457979559006
0.49498327759197325,0.6685248731975314
0.49832775919732442,0.62391268689917023
0.50167224080267558,0.57952889244387751
0.50501672240802675,0.53568436137502351
0.50836120401337792,0.49268996523597941
0.51170568561872909,0.45085657557011527
0.51505016722408026,0.41049506392080204
0.51839464882943143,0.37191630183141033
0.52173913043478259,0.33543116084531038
0.52508361204013376,0.30135051250587358
0.52842809364548493,0.26998522835646993
0.5317725752508361,0.24164617994047055
0.53511705685618727,0.21664423880124556
0.53846153846153844,0.19529027648216604
0.5418060200668896,0.17789516452660228
0.54515050167224077,0.16476977447792504
0.54849498327759194,0.15622497787950509
0.55183946488294311,0.15257164627471281
0.55518394648829428,0.15412065120691926
0.55852842809364545,0.16112304402096525
0.56187290969899661,0.17349513998984376
0.56521739130434778,0.19103688540659552
0.56856187290969895,0.2135481097279367
0.57190635451505012,0.24082864241058319
0.57525083612040129,0.27267831291125022
0.57859531772575246,0.30889695068665413
0.58193979933110362,0.34928438519351046
0.58528428093645479,0.3936404458885352
0.58862876254180596,0.44176496222844397
0.59197324414715713,0.49345776366995264
0.5953177257525083,0.54851867966977697
0.59866220735785947,0.60674753968463302
0.60200668896321075,0.66794417317123855
0.60535117056856191,0.73190840958630499
0.60869565217391308,0.79844007838655051
0.61204013377926425,0.86733900902869099
0.61538461538461542,0.93840503096944161
0.61872909698996659,1.0114379736655186
0.62207357859531776,1.0862376665736382
0.62541806020066892,1.1626039391505156
0.62876254180602009,1.2403366208528666
0.63210702341137126,1.3192355411374075
0.63545150501672243,1.3991005294608536
0.6387959866220736,1.4797314152799212
0.64214046822742477,1.5609280280513256
0.64548494983277593,1.6424901972317825
0.6488294314381271,1.7242177522780087
0.65217391304347827,1.8059105226467189
0.65551839464882944,1.8873683377946295
0.65886287625418061,1.9683910271784564
0.66220735785953178,2.0487784202549149
0.66555183946488294,2.1283303464807202
0.66889632107023411,2.2068645473843165
0.67224080267558528,2.2844069923279555
0.67558528428093645,2.361117991211835
0.67892976588628762,2.4371600929451191
0.68227424749163879,2.5126958464369711
0.68561872909698995,2.5878878005965533
0.68896321070234112,2.6628985043330298
0.69230769230769229,2.7378905065555648
0.69565217391304346,2.8130263561733204
0.69899665551839463,2.8884686020954597
0.7023411371237458,2.9643797932311466
0.70568561872909696,3.0409224784895446
0.70903010033444813,3.1182592067798174
0.7123745819397993,3.1965525270111259
0.71571906354515047,3.2759649880926367
0.71906354515050164,3.3566591389335114
0.72240802675585281,3.4387975284429144
0.72575250836120397,3.5225427055300074
0.72909698996655514,3.6080572191039542
0.73244147157190631,3.6955036180739183
0.73578595317725748,3.785044451349064
0.73913043478260865,3.8768422678385535
0.74247491638795982,3.9710596164515515
0.74581939799331098,4.0678590460972188
0.74916387959866215,4.1674031056847207
0.75250836120401332,4.2698543441232202
0.75585284280936449,4.3753753103218784
0.75919732441471566,4.4841285531898629
0.76254180602006683,4.5962766216363349
0.76588628762541799,4.7119820645704582
0.76923076923076916,4.8314074309013941
0.77257525083612044,4.9547152695383119
0.77591973244147161,5.0820681293903673
0.77926421404682278,5.2136195962354579
0.78260869565217395,5.3492514208860245
0.78595317725752512,5.4885310843644515
0.78929765886287628,5.6310085615773726
0.79264214046822745,5.7762338274314162
0.79598662207357862,5.9237568568332142
0.79933110367892979,6.0731276246893984
0.80267558528428096,6.2238961059065971
0.80602006688963213,6.3756122753914442
0.80936454849498329,6.5278261080505686
0.81270903010033446,6.6800875787906016
0.81605351170568563,6.831946662518174
0.8193979933110368,6.9829533341399186
0.82274247491638797,7.1326575685624611
0.82608695652173914,7.2806093406924397
0.8294314381270903,7.4263586254364808
0.83277591973244147,7.5694553977012147
0.83612040133779264,7.7094496323932731
0.83946488294314381,7.8458913044192879
0.84280936454849498,7.9783303886858912
0.84615384615384615,8.1063168600997102
0.84949832775919731,8.2294006935673796
0.85284280936454848,8.3471318639955285
0.85618729096989965,8.4590603462907854
0.85953177257525082,8.5647361153597874
0.86287625418060199,8.6637091461091611
0.86622073578595316,8.7555294134455348
0.86956521739130432,8.839746892275544
0.87290969899665549,8.915911557505817
0.87625418060200666,8.9835733840429874
0.87959866220735783,9.0422823467936837
0.882943143812709,9.0915884206645377
0.88628762541806017,9.1310415805621812
0.88963210702341133,9.1601914296410936
0.8929765886287625,9.1785272078008457
0.89632107023411367,9.1854115733348447
0.89966555183946484,9.1801912456631847
0.90301003344481601,9.1622129442059546
0.90635451505016718,9.1308233883832539
0.90969899665551834,9.0853692976151716
0.91304347826086951,9.025197391321802
0.91638795986622068,8.9496543889232409
0.91973244147157185,8.8580870098395792
0.92307692307692302,8.7498419734909145
0.92642140468227419,8.6242659992973341
0.92976588628762535,8.4807058066789338
0.93311036789297652,8.3185081150558062
0.93645484949832769,8.1370196438480491
0.93979933110367886,7.9355871124757522
0.94314381270903014,7.7135572403590018
0.94648829431438131,7.4702767469179063
0.94983277591973247,7.2050923515725502
0.95317725752508364,6.9173507737430286
0.95652173913043481,6.6063987328494358
0.95986622073578598,6.2715829483118624
0.96321070234113715,5.9122501395504079
0.96655518394648832,5.5277470259851578
0.96989966555183948,5.1174203270362097
0.97324414715719065,4.6806167621236581
0.97658862876254182,4.2166830506675925
0.97993311036789299,3.7249659120881113
0.98327759197324416,3.2048120658053025
0.98662207357859533,2.6555682312392639
0.98996655518394649,2.0765811278100861
0.99331103678929766,1.4671974749378653
0.99665551839464883,0.82676399204269257
1.0,0.15462739854466087
