6.9388939039072284e-18,0.16443078394107222
0.0033444816053511774,0.143081465421694
0.006688963210702348,0.12388188035929004
0.010033444816053519,0.10675279640427524
0.013377926421404689,0.091614981207064378
0.016722408026755859,0.078389202418072429
0.020066889632107031,0.066996227687714238
0.023411371237458199,0.057356824666404765
0.026755852842809371,0.049391761004558804
0.030100334448160543,0.043021804352591356
0.033444816053511711,0.038167722360917228
0.03678929765886288,0.034750282679951339
0.040133779264214055,0.032690252960108607
0.043478260869565223,0.031908400851803964
0.046822742474916391,0.032325494005452204
0.050167224080267567,0.033862300071468343
0.053511705685618735,0.036439586700267146
0.056856187290969903,0.039978121542263587
0.060200668896321079,0.044398672247872584
0.063545150501672254,0.049622006467508972
0.066889632107023422,0.055568891851587685
0.070234113712374591,0.0621600960505235
0.073578595317725759,0.069316386714731518
0.076923076923076927,0.076958531494626461
0.080267558528428096,0.085007298040623305
0.083612040133779264,0.093383454003136912
0.086956521739130432,0.10200776703258224
0.090301003344481601,0.11080100477937409
0.093645484949832769,0.11968393489392742
0.096989966555183965,0.1285773250266572
0.10033444816053513,0.13740194282797813
0.1036789297658863,0.14607855594830521
0.10702341137123747,0.15452793203805332
0.11036789297658864,0.16267083874763738
0.11371237458193981,0.17043375556359519
0.11705685618729098,0.17778852360977904
0.12040133779264214,0.18472861571594118
0.12374581939799331,0.19124763793250146
0.12709030100334448,0.19733919630987967
0.13043478260869565,0.2029968968984957
0.13377926421404682,0.20821434574876935
0.13712374581939799,0.21298514891112041
0.14046822742474915,0.21730291243596878
0.14381270903010032,0.2211612423737343
0.14715719063545149,0.22455374477483675
0.15050167224080269,0.22747402568969599
0.15384615384615385,0.22991569116873184
0.15719063545150502,0.23187234726236414
0.16053511705685619,0.23333760002101273
0.16387959866220736,0.23430505549509742
0.16722408026755853,0.23476831973503809
0.1705685618729097,0.23472099879125452
0.17391304347826086,0.23415669871416656
0.17725752508361203,0.23306902555419406
0.1806020066889632,0.23145158536175689
0.18394648829431437,0.22929798418727479
0.18729096989966554,0.22660182808116763
0.19063545150501671,0.22335672309385529
0.1939799331103679,0.21955627527575752
0.19732441471571907,0.21519409067729423
0.20066889632107024,0.21026377534888521
0.20401337792642141,0.20475893534095033
0.20735785953177258,0.19867317670390938
0.21070234113712374,0.19200010548818219
0.21404682274247491,0.18473332774418866
0.21739130434782608,0.17686644952234853
0.22073578595317725,0.16839307687308172
0.22408026755852842,0.15930999377597713
0.22742474916387959,0.14967103439506782
0.23076923076923075,0.13957937977852497
0.23411371237458192,0.12913983807425433
0.23745819397993312,0.11845721743016166
0.24080267558528429,0.10763632599415288
0.24414715719063546,0.096781971914133597
0.24749163879598662,0.085998963338009701
0.25083612040133779,0.075392108413686876
0.25418060200668896,0.065066215289070875
0.25752508361204013,0.055126092112067551
0.2608695652173913,0.045676547030582673
0.26421404682274247,0.036822388192521954
0.26755852842809363,0.028668423745791233
0.2709030100334448,0.02131946183829625
0.27424749163879597,0.014880310617942732
0.27759197324414714,0.0094557782326365192
0.28093645484949831,0.0051506728302834204
0.28428093645484948,0.00206980255878908
0.28762541806020064,0.00031797556605936417
0.29096989966555181,0.0
0.29431438127090298,0.0012206840085168535
0.29765886287625415,0.004084835739515541
0.30100334448160537,0.0086972633409020395
0.30434782608695654,0.01516277496058191
0.30769230769230771,0.023586178746461045
0.31103678929765888,0.034072282846445201
0.31438127090301005,0.046725895408440118
0.31772575250836121,0.061651824580351636
0.32107023411371238,0.078954878510085383
0.32441471571906355,0.098739865345547323
0.32775919732441472,0.12111159323464316
0.33110367892976589,0.14617487032527865
0.33444816053511706,0.17403231948184325
0.33779264214046822,0.2046554465577457
0.34113712374581939,0.23781252603937553
0.34448160535117056,0.27325435014499105
0.34782608695652173,0.31073171109285086
0.3511705685618729,0.34999540110121319
0.35451505016722407,0.39079621238833684
0.35785953177257523,0.43288493717248
0.3612040133779264,0.47601236767190136
0.36454849498327757,0.51992929610485938
0.36789297658862874,0.56438651468961243
0.37123745819397991,0.60913481564441907
0.37458193979933108,0.65392499118753766
0.37792642140468224,0.69850783353722679
0.38127090301003341,0.7426341349117449
0.38461538461538458,0.78605468752935048
0.38795986622073581,0.82852028360830288
0.39130434782608697,0.86978171536685867
0.39464882943143814,0.90958977502327742
0.39799331103678931,0.94769525479581829
0.40133779264214048,0.98384894690273816
0.40468227424749165,1.0178016435622967
0.40802675585284282,1.049304136992752
0.41137123745819398,1.0781072194123629
0.41471571906354515,1.103961683039387
0.41806020066889632,1.1266183200920841
0.42140468227424749,1.1458279227887112
0.42474916387959866,1.1613412833475283
0.42809364548494983,1.1729091939867924
0.43143812709030099,1.180282446924763
0.43478260869565216,1.1832118343796982
0.43812709030100333,1.1814481485698565
0.4414715719063545,1.1747421817134966
0.44481605351170567,1.1628448747115885
0.44816053511705684,1.1456552564457088
0.451505016722408,1.1234983317657508
0.45484949832775917,1.0967752310698695
0.45819397993311034,1.0658870847562221
0.46153846153846151,1.0312350232229635
0.46488294314381268,0.99322017686825059
0.46822742474916385,0.95224367609023897
0.47157190635451507,0.9087066512870845
0.47491638795986624,0.86301023285694445
0.47826086956521741,0.81555555119797429
0.48160535117056857,0.76674373670832985
0.48494983277591974,0.71697591978616737
0.48829431438127091,0.66665323082964367
0.49163879598662208,0.61617680023691324
0.49498327759197325,0.56594775840613376
0.49832775919732442,0.51636723573546051
0.50167224080267558,0.46783636262304962
0.50501672240802675,0.42075626946705746
0.50836120401337792,0.37552808666564008
0.51170568561872909,0.33255294461695345
0.51505016722408026,0.29223197371915366
0.51839464882943143,0.2549663043703968
0.52173913043478259,0.22115706696883872
0.52508361204013376,0.19120539191263614
0.52842809364548493,0.16551240959994462
0.5317725752508361,0.1444792504289209
0.53511705685618727,0.12850704479772035
0.53846153846153844,0.11799692310449933
0.5418060200668896,0.11335001574741381
0.54515050167224077,0.11496745312462017
0.54849498327759194,0.12325036563427436
0.55183946488294311,0.13859988367453238
0.55518394648829428,0.16141713764355056
0.55852842809364545,0.19201257997145052
0.56187290969899661,0.23018925609925597
0.56521739130434778,0.27557381448329865
0.56856187290969895,0.32779272647450408
0.57190635451505012,0.38647246342379843
0.57525083612040129,0.4512394966821065
0.57859531772575246,0.52172029760035421
0.58193979933110362,0.59754133752946736
0.58528428093645479,0.67832908782037127
0.58862876254180596,0.76371001982399134
0.59197324414715713,0.85331060489125321
0.5953177257525083,0.94675731437308286
0.59866220735785947,1.0436766196204057
0.60200668896321075,1.1436949919841508
0.60535117056856191,1.2464389028152358
0.60869565217391308,1.3515348234645916
0.61204013377926425,1.4586092252831424
0.61538461538461542,1.5672885796218141
0.61872909698996659,1.6771993578315323
0.62207357859531776,1.7879680312632231
0.62541806020066892,1.8992210712678113
0.62876254180602009,2.0105849491962227
0.63210702341137126,2.1216861363993829
0.63545150501672243,2.2321511042282176
0.6387959866220736,2.341606324033652
0.64214046822742477,2.449678267166612
0.64548494983277593,2.5559934049780235
0.6488294314381271,2.6601782088188126
0.65217391304347827,2.7618591500399021
0.65551839464882944,2.8606626999922198
0.65886287625418061,2.9562153300266925
0.66220735785953178,3.0481435114942426
0.66555183946488294,3.136073715745797
0.66889632107023411,3.2196644318382437
0.67224080267558528,3.2989463546602646
0.67558528428093645,3.3741903118952465
0.67892976588628762,3.4456711334398271
0.68227424749163879,3.5136636491906401
0.68561872909698995,3.5784426890443175
0.68896321070234112,3.6402830828974984
0.69230769230769229,3.6994596606468146
0.69565217391304346,3.7562472521889014
0.69899665551839463,3.8109206874203929
0.7023411371237458,3.8637547962379242
0.70568561872909696,3.9150244085381294
0.70903010033444813,3.9650043542176436
0.7123745819397993,4.0139694631730993
0.71571906354515047,4.0621945653011355
0.71906354515050164,4.1099544904983825
0.72240802675585281,4.1575240686614778
0.72575250836120397,4.2051781296870541
0.72909698996655514,4.2531915034717462
0.73244147157190631,4.3018390199121894
0.73578595317725748,4.3513955089050169
0.73913043478260865,4.4021358003468656
0.74247491638795982,4.4543347241343678
0.74581939799331098,4.5082671101641596
0.74916387959866215,4.5642077883328751
0.75250836120401332,4.6224315885371485
0.75585284280936449,4.6832133406736141
0.75919732441471566,4.7468278746389068
0.76254180602006683,4.8135500203296635
0.76588628762541799,4.8836546076425158
0.76923076923076916,4.9574164664740996
0.77257525083612044,5.03511042672105
0.77591973244147161,5.1170113182800003
0.77926421404682278,5.2033841185136867
0.78260869565217395,5.2941949959052668
0.78595317725752512,5.3890646644681466
0.78929765886287628,5.4875945949854641
0.79264214046822745,5.5893862582403591
0.79598662207357862,5.6940411250159695
0.79933110367892979,5.8011606660954351
0.80267558528428096,5.910346352261894
0.80602006688963213,6.0211996542984876
0.80936454849498329,6.1333220429883513
0.81270903010033446,6.2463149891146257
0.81605351170568563,6.3597799634604497
0.8193979933110368,6.4733184368089631
0.82274247491638797,6.5865318799433012
0.82608695652173914,6.6990217636466101
0.8294314381270903,6.8103895587020213
0.83277591973244147,6.9202367358926775
0.83612040133779264,7.0281647660017166
0.83946488294314381,7.1337751198122783
0.84280936454849498,7.2366692681075016
0.84615384615384615,7.3364486816705234
0.84949832775919731,7.4327148312844855
0.85284280936454848,7.525069187732524
0.85618729096989965,7.6131132217977813
0.85953177257525082,7.6964484042633936
0.86287625418060199,7.7746762059125007
0.86622073578595316,7.8473980975282416
0.86956521739130432,7.914215549893755
0.87290969899665549,7.9747300337921789
0.87625418060200666,8.028543020006655
0.87959866220735783,8.0752559793203194
0.882943143812709,8.1144703825163127
0.88628762541806017,8.1457877003777739
0.88963210702341133,8.1688089542061082
0.8929765886287625,8.183062180706802
0.89632107023411367,8.1879223680562223
0.89966555183946484,8.1827452329015635
0.90301003344481601,8.1668864918900166
0.90635451505016718,8.1397018616687777
0.90969899665551834,8.1005470588850361
0.91304347826086951,8.0487778001859862
0.91638795986622068,7.9837498022188207
0.91973244147157185,7.9048187816307331
0.92307692307692302,7.8113404550689163
0.92642140468227419,7.7026705391805619
0.92976588628762535,7.5781647506128644
0.93311036789297652,7.4371788060130122
0.93645484949832769,7.2790684220282031
0.93979933110367886,7.1031893153056282
0.94314381270903014,6.908897202492474
0.94648829431438131,6.6955478002359454
0.94983277591973247,6.4624968251832291
0.95317725752508364,6.2090999939815168
0.95652173913043481,5.934713023278003
0.95986622073578598,5.6386916297198786
0.96321070234113715,5.3203915299543425
0.96655518394648832,4.9791684406285803
0.96989966555183948,4.6143780783897856
0.97324414715719065,4.2253761598851547
0.97658862876254182,3.8115184017618784
0.97993311036789299,3.3721605206671494
0.98327759197324416,2.9066582332481596
0.98662207357859533,2.4143672561521048
0.98996655518394649,1.8946433060261756
0.99331103678929766,1.3468420995175652
0.99665551839464883,0.7703193532734659
1.0,0.16443078394107022
