6.9388939039072284e-18,0.18265707005118167
0.0033444816053511774,0.16572748364135328
0.006688963210702348,0.15049538096889947
0.010033444816053519,0.13689862534626993
0.013377926421404689,0.1248750800859145
0.016722408026755859,0.11436260850028296
0.020066889632107031,0.10529907390182509
0.023411371237458199,0.097622339602990757
0.026755852842809371,0.09127026891622976
0.030100334448160543,0.086180725153991805
0.033444816053511711,0.082291571628726787
0.03678929765886288,0.07954067165288442
0.040133779264214055,0.077865888538914602
0.043478260869565223,0.077205085599267087
0.046822742474916391,0.077496126146391633
0.050167224080267567,0.07867687349273822
0.053511705685618735,0.08068519095075638
0.056856187290969903,0.083458941832896094
0.060200668896321079,0.08693598945160716
0.063545150501672254,0.091054197119339292
0.066889632107023422,0.095751428148542359
0.070234113712374591,0.10096554585166612
0.073578595317725759,0.10663441354116043
0.076923076923076927,0.11269589452947502
0.080267558528428096,0.11908785212905974
0.083612040133779264,0.12574814965236442
0.086956521739130432,0.13261465041183879
0.090301003344481601,0.13962521771993264
0.093645484949832769,0.14671771488909585
0.096989966555183965,0.15383000523177826
0.10033444816053513,0.16089995206042954
0.1036789297658863,0.16786541868749952
0.10702341137123747,0.17466426842543803
0.11036789297658864,0.18123436458669487
0.11371237458193981,0.18751788575507861
0.11705685618729098,0.19349128106594682
0.12040133779264214,0.19914734232956971
0.12374581939799331,0.204478962003946
0.12709030100334448,0.20947903254707434
0.13043478260869565,0.21414044641695351
0.13377926421404682,0.21845609607158223
0.13712374581939799,0.22241887396895912
0.14046822742474915,0.226021672567083
0.14381270903010032,0.22925738432395248
0.14715719063545149,0.23211890169756633
0.15050167224080269,0.23459911714592327
0.15384615384615385,0.23669092312702195
0.15719063545150502,0.23838721209886107
0.16053511705685619,0.23968087651943942
0.16387959866220736,0.24056480884675566
0.16722408026755853,0.24103190153880852
0.1705685618729097,0.24107504705359667
0.17391304347826086,0.24068713784911888
0.17725752508361203,0.23986106638337379
0.1806020066889632,0.23858972511436016
0.18394648829431437,0.23686600650007669
0.18729096989966554,0.23468280299852207
0.19063545150501671,0.232033007067695
0.1939799331103679,0.22890951116559421
0.19732441471571907,0.22530520775021842
0.20066889632107024,0.22121298927956634
0.20401337792642141,0.21662574821163666
0.20735785953177258,0.21153637700442809
0.21070234113712374,0.20593776811593933
0.21404682274247491,0.19982281400416915
0.21739130434782608,0.19318440712711618
0.22073578595317725,0.18601543994277916
0.22408026755852842,0.1783115962442493
0.22742474916387959,0.17011866987219831
0.23076923076923075,0.16152579851861421
0.23411371237458192,0.15262354903905229
0.23745819397993312,0.14350248828906792
0.24080267558528429,0.13425318312421658
0.24414715719063546,0.12496620040005355
0.24749163879598662,0.11573210697213426
0.25083612040133779,0.10664146969601392
0.25418060200668896,0.097784855427248005
0.25752508361204013,0.089252831021391879
0.2608695652173913,0.08113596333400086
0.26421404682274247,0.073524819220630325
0.26755852842809363,0.066509965536835636
0.2709030100334448,0.060181969138172184
0.27424749163879597,0.054631396880195304
0.27759197324414714,0.04994881561846029
0.28093645484949831,0.04622479220852263
0.28428093645484948,0.043549893505937604
0.28762541806020064,0.042014686366260601
0.29096989966555181,0.041709737645046957
0.29431438127090298,0.042725614197852063
0.29765886287625415,0.045152882880231227
0.30100334448160537,0.049082110547740004
0.30434782608695654,0.05460386405593351
0.30769230769230771,0.061808710260367203
0.31103678929765888,0.070787216016596405
0.31438127090301005,0.081629948180176534
0.31772575250836121,0.094427473606663009
0.32107023411371238,0.10927035915161099
0.32441471571906355,0.12624917167057603
0.32775919732441472,0.14545447801911349
0.33110367892976589,0.16697684505277863
0.33444816053511706,0.19090509829456218
0.33779264214046822,0.21722358331357544
0.34113712374581939,0.24575470175041714
0.34448160535117056,0.27630692458516837
0.34782608695652173,0.30868872279791049
0.3511705685618729,0.34270856736872463
0.35451505016722407,0.37817492927769214
0.35785953177257523,0.41489627950489427
0.3612040133779264,0.45268108903041221
0.36454849498327757,0.49133782883432731
0.36789297658862874,0.53067496989672058
0.37123745819397991,0.57050098319767351
0.37458193979933108,0.61062433971726726
0.37792642140468224,0.65085351043558315
0.38127090301003341,0.69099696633270247
0.38461538461538458,0.73086317838870629
0.38795986622073581,0.77026061758367659
0.39130434782608697,0.80899775489769343
0.39464882943143814,0.84688306131083846
0.39799331103678931,0.88372500780319352
0.40133779264214048,0.91933206535483913
0.40468227424749165,0.95351270494585694
0.40802675585284282,0.98607539755632834
0.41137123745819398,1.0168286141663339
0.41471571906354515,1.0455808257559553
0.41806020066889632,1.0721405033052744
0.42140468227424749,1.096316117794371
0.42474916387959866,1.1179161402033284
0.42809364548494983,1.1367490415122259
0.43143812709030099,1.1526232927011455
0.43478260869565216,1.1653473647501686
0.43812709030100333,1.1747297286393765
0.4414715719063545,1.1805788553488503
0.44481605351170567,1.1827033018636239
0.44816053511705684,1.180997286101626
0.451505016722408,1.1756014301702868
0.45484949832775917,1.1667003907128219
0.45819397993311034,1.1544788243724466
0.46153846153846151,1.139121387792376
0.46488294314381268,1.1208127376158257
0.46822742474916385,1.0997375304860109
0.47157190635451507,1.0760804230461474
0.47491638795986624,1.0500260719394507
0.47826086956521741,1.0217591338091361
0.48160535117056857,0.99146426529841869
0.48494983277591974,0.95932612305051412
0.48829431438127091,0.92552936370863814
0.49163879598662208,0.89025864391600518
0.49498327759197325,0.85369862031583166
0.49832775919732442,0.81603394955133246
0.50167224080267558,0.77744928826572313
0.50501672240802675,0.7381292931022192
0.50836120401337792,0.69825862070403599
0.51170568561872909,0.65802192771438883
0.51505016722408026,0.61760387077649315
0.51839464882943143,0.57718910653356437
0.52173913043478259,0.53696229162881792
0.52508361204013376,0.49710808270546925
0.52842809364548493,0.45781113640673365
0.5317725752508361,0.4192561093758268
0.53511705685618727,0.38162765825596373
0.53846153846153844,0.34511043969036015
0.5418060200668896,0.30988911032223121
0.54515050167224077,0.27614832679479262
0.54849498327759194,0.24407274575125965
0.55183946488294311,0.21384702383484769
0.55518394648829428,0.1856558176887721
0.55852842809364545,0.15965558982112954
0.56187290969899661,0.13584503673002485
0.56521739130434778,0.11416800851008954
0.56856187290969895,0.094568300189284971
0.57190635451505012,0.07698970679557246
0.57525083612040129,0.061376023356913306
0.57859531772575246,0.047671044901268805
0.58193979933110362,0.035818566456600337
0.58528428093645479,0.025762383050869142
0.58862876254180596,0.0174462897120366
0.59197324414715713,0.010814081468064063
0.5953177257525083,0.0058095533469127991
0.59866220735785947,0.0023765003765441328
0.60200668896321075,0.00045871758491944359
0.60535117056856191,0.0
0.60869565217391308,0.00094414264974715389
0.61204013377926425,0.0032349405621222571
0.61538461538461542,0.0068161887650865505
0.61872909698996659,0.011631682286601386
0.62207357859531776,0.017625216154628059
0.62541806020066892,0.024740585397127979
0.62876254180602009,0.032921585042062385
0.63210702341137126,0.042112010117392629
0.63545150501672243,0.052255655651080035
0.6387959866220736,0.0632963166710859
0.64214046822742477,0.075177788205371548
0.64548494983277593,0.087843865281898359
0.6488294314381271,0.1012383429286276
0.65217391304347827,0.11530501617352058
0.65551839464882944,0.1299876800445387
0.65886287625418061,0.14523012956964321
0.66220735785953178,0.16097615977679541
0.66555183946488294,0.1771695656939567
0.66889632107023411,0.19375890127338352
0.67224080267558528,0.21074804296226435
0.67558528428093645,0.22817655914000146
0.67892976588628762,0.2460846130515342
0.68227424749163879,0.26451236794180188
0.68561872909698995,0.28349998705574375
0.68896321070234112,0.30308763363829916
0.69230769230769229,0.32331547093440749
0.69565217391304346,0.34422366218900796
0.69899665551839463,0.36585237064703979
0.7023411371237458,0.38824175955344242
0.70568561872909696,0.41143199215315518
0.70903010033444813,0.43546323169111728
0.7123745819397993,0.460375641412268
0.71571906354515047,0.48620938456154672
0.71906354515050164,0.51300462438389283
0.72240802675585281,0.54080152412424554
0.72575250836120397,0.56964024702754401
0.72909698996655514,0.59956095633872775
0.73244147157190631,0.63060381530273579
0.73578595317725748,0.66280898716450776
0.73913043478260865,0.69621663516898291
0.74247491638795982,0.73086692256110064
0.74581939799331098,0.76680001258579988
0.74916387959866215,0.80405606848802025
0.75250836120401332,0.84267525351270089
0.75585284280936449,0.88269773090478099
0.75919732441471566,0.92416366390920013
0.76254180602006683,0.96711321577089771
0.76588628762541799,1.0115865497348129
0.76923076923076916,1.0576238290458846
0.77257525083612044,1.1052652169490544
0.77591973244147161,1.1545508766892578
0.77926421404682278,1.205521249804735
0.78260869565217395,1.2582252179476783
0.78595317725752512,1.3127214204290709
0.78929765886287628,1.3690690401014964
0.79264214046822745,1.4273272598175373
0.79598662207357862,1.4875552624297761
0.79933110367892979,1.5498122307907962
0.80267558528428096,1.6141573477531805
0.80602006688963213,1.6806497961695113
0.80936454849498329,1.749348758892372
0.81270903010033446,1.8203134187743448
0.81605351170568563,1.8936029586680136
0.8193979933110368,1.9692765614259604
0.82274247491638797,2.047393409900768
0.82608695652173914,2.12801268694502
0.8294314381270903,2.2111935754112988
0.83277591973244147,2.2969952581521871
0.83612040133779264,2.3854769180202684
0.83946488294314381,2.4766977378681245
0.84280936454849498,2.5707169005483399
0.84615384615384615,2.6675935889134959
0.84949832775919731,2.7673869858161759
0.85284280936454848,2.8701562741089628
0.85618729096989965,2.9759606366444391
0.85953177257525082,3.0848592562751889
0.86287625418060199,3.1969113158537943
0.86622073578595316,3.3121759982328371
0.86956521739130432,3.430712486264901
0.87290969899665549,3.5525799628025698
0.87625418060200666,3.6778376106984254
0.87959866220735783,3.8065446128050509
0.882943143812709,3.9387601519750288
0.88628762541806017,4.0745434110609438
0.88963210702341133,4.2139535567913926
0.8929765886287625,4.3570471377633746
0.89632107023411367,4.5038752123579568
0.89966555183946484,4.6544881476404711
0.90301003344481601,4.8089363106762484
0.90635451505016718,4.9672700685306221
0.90969899665551834,5.1295397882689233
0.91304347826086951,5.2957958369564846
0.91638795986622068,5.4660885816586386
0.91973244147157185,5.6404683894407173
0.92307692307692302,5.8189856273680522
0.92642140468227419,6.0016906625059754
0.92976588628762535,6.1886338619198176
0.93311036789297652,6.3798655926749106
0.93645484949832769,6.5754362218365898
0.93979933110367886,6.775396116470187
0.94314381270903014,6.9797956436410402
0.94648829431438131,7.1886851704144652
0.94983277591973247,7.4021150638558044
0.95317725752508364,7.6201356910303844
0.95652173913043481,7.8427974190035448
0.95986622073578598,8.0701506148406121
0.96321070234113715,8.3022456456069236
0.96655518394648832,8.5391328783678055
0.96989966555183948,8.7808626801885907
0.97324414715719065,9.0274854181346136
0.97658862876254182,9.2790514592712086
0.97993311036789299,9.535611170663703
0.98327759197324416,9.7972149193774278
0.98662207357859533,10.063913072477719
0.98996655518394649,10.33575599702991
0.99331103678929766,10.612794060099333
0.99665551839464883,10.895077628751311
1.0,11.18265707005118
