6.9388939039072284e-18,0.20338293707231139
0.0033444816053511774,0.18690116231418463
0.006688963210702348,0.17206889731755373
0.010033444816053519,0.1588259442802335
0.013377926421404689,0.14711210540003886
0.016722408026755859,0.13686718287478478
0.020066889632107031,0.12803097890228607
0.023411371237458199,0.12054329568035775
0.026755852842809371,0.11434393540681473
0.030100334448160543,0.10937270027947188
0.033444816053511711,0.10556939249614412
0.03678929765886288,0.1028738142546464
0.040133779264214055,0.10122576775279363
0.043478260869565223,0.10056505518840073
0.046822742474916391,0.10083147875928256
0.050167224080267567,0.10196484066325419
0.053511705685618735,0.10390494309813036
0.056856187290969903,0.10659158826172609
0.060200668896321079,0.10996457835185633
0.063545150501672254,0.11396371556633587
0.066889632107023422,0.11852880210297975
0.070234113712374591,0.1235996401596028
0.073578595317725759,0.12911603193401999
0.076923076923076927,0.13501777962404621
0.080267558528428096,0.14124468542749644
0.083612040133779264,0.14773655154218554
0.086956521739130432,0.15443318016592841
0.090301003344481601,0.16127437349654
0.093645484949832769,0.16819993373183525
0.096989966555183965,0.17514966306962912
0.10033444816053513,0.1820633637077364
0.1036789297658863,0.18888083784397205
0.10702341137123747,0.19554188767615105
0.11036789297658864,0.20198631540208825
0.11371237458193981,0.20815803311839068
0.11705685618729098,0.21403359246775777
0.12040133779264214,0.21960510998656504
0.12374581939799331,0.22486479806888585
0.12709030100334448,0.22980486910879355
0.13043478260869565,0.23441753550036154
0.13377926421404682,0.23869500963766313
0.13712374581939799,0.24262950391477162
0.14046822742474915,0.24621323072576046
0.14381270903010032,0.24943840246470295
0.14715719063545149,0.25229723152567246
0.15050167224080269,0.25478193030274232
0.15384615384615385,0.2568847111899859
0.15719063545150502,0.25859778658147647
0.16053511705685619,0.25991336887128758
0.16387959866220736,0.26082367045349231
0.16722408026755853,0.26132090372216427
0.1705685618729097,0.26139728107137661
0.17391304347826086,0.26104501489520282
0.17725752508361203,0.26025631758771617
0.1806020066889632,0.25902340154299008
0.18394648829431437,0.25733847915509789
0.18729096989966554,0.25519376281811285
0.19063545150501671,0.25258146492610839
0.1939799331103679,0.24949379787315787
0.19732441471571907,0.24592297405333463
0.20066889632107024,0.241861205860712
0.20401337792642141,0.2373007056893634
0.20735785953177258,0.23223368593336208
0.21070234113712374,0.22665235898678146
0.21404682274247491,0.22054893724369487
0.21739130434782608,0.21391563309817566
0.22073578595317725,0.20674465894429719
0.22408026755852842,0.19903106027603615
0.22742474916387959,0.19082074239683441
0.23076923076923075,0.18220360298543301
0.23411371237458192,0.17327099026772369
0.23745819397993312,0.16411425246959813
0.24080267558528429,0.154824737816948
0.24414715719063546,0.14549379453566499
0.24749163879598662,0.1362127708516408
0.25083612040133779,0.12707301499076701
0.25418060200668896,0.11816587517893537
0.25752508361204013,0.10958269964203753
0.2608695652173913,0.10141483660596519
0.26421404682274247,0.093753634296609975
0.26755852842809363,0.086690440939863639
0.2709030100334448,0.080316604761617769
0.27424749163879597,0.074723473987764077
0.27759197324414714,0.070002396844194237
0.28093645484949831,0.066244721556799974
0.28428093645484948,0.06354179635147289
0.28762541806020064,0.061984969454104755
0.29096989966555181,0.061665589090587031
0.29431438127090298,0.062675003486811653
0.29765886287625415,0.065104560868670169
0.30100334448160537,0.069045609462054347
0.30434782608695654,0.074589497492855733
0.30769230769230771,0.081827573186965916
0.31103678929765888,0.090851184770276872
0.31438127090301005,0.10175168046868001
0.31772575250836121,0.11462040850806721
0.32107023411371238,0.12954871711432989
0.32441471571906355,0.14662795451336003
0.32775919732441472,0.16594946893104914
0.33110367892976589,0.1876046085932889
0.33444816053511706,0.21168296047496338
0.33779264214046822,0.23816843649050096
0.34113712374581939,0.26688115221062381
0.34448160535117056,0.29762713319799333
0.34782608695652173,0.33021240501527094
0.3511705685618729,0.36444299322511753
0.35451505016722407,0.40012492339019501
0.35785953177257523,0.43706422107316439
0.3612040133779264,0.47506691183668726
0.36454849498327757,0.51393902124342494
0.36789297658862874,0.55348657485603858
0.37123745819397991,0.59351559823718969
0.37458193979933108,0.63383211694953945
0.37792642140468224,0.67424215655574948
0.38127090301003341,0.71455174261848087
0.38461538461538458,0.75456690070039512
0.38795986622073581,0.79409365636415441
0.39130434782608697,0.83293803517241838
0.39464882943143814,0.8709060626878492
0.39799331103678931,0.90780376447310873
0.40133779264214048,0.94343716609085726
0.40468227424749165,0.97761229310375719
0.40802675585284282,1.010135171074469
0.41137123745819398,1.0408118255656547
0.41471571906354515,1.0694482821399751
0.41806020066889632,1.0958505663600926
0.42140468227424749,1.1198247037886668
0.42474916387959866,1.1411767199883611
0.42809364548494983,1.1597126405218354
0.43143812709030099,1.1752384909517513
0.43478260869565216,1.1875602968407704
0.43812709030100333,1.196484083751554
0.4414715719063545,1.2018158772467638
0.44481605351170567,1.203361791510775
0.44816053511705684,1.2010162079557594
0.451505016722408,1.1949274092063731
0.45484949832775917,1.1852890522051751
0.45819397993311034,1.1722947938947232
0.46153846153846151,1.1561382912175766
0.46488294314381268,1.1370132011162941
0.46822742474916385,1.115113180533434
0.47157190635451507,1.0906318864115552
0.47491638795986624,1.0637629756932168
0.47826086956521741,1.0347001053209768
0.48160535117056857,1.0036369322373944
0.48494983277591974,0.9707671133850283
0.48829431438127091,0.93628430570643728
0.49163879598662208,0.90038216614417921
0.49498327759197325,0.86325435164081377
0.49832775919732442,0.82509451913889909
0.50167224080267558,0.7860963255809944
0.50501672240802675,0.74645342790965774
0.50836120401337792,0.70635948306744833
0.51170568561872909,0.66600814799692443
0.51505016722408026,0.62559307964064503
0.51839464882943143,0.58530793494116895
0.52173913043478259,0.54534637084105464
0.52508361204013376,0.5059020442828609
0.52842809364548493,0.46716861220914629
0.5317725752508361,0.42933973156246996
0.53511705685618727,0.39260905928538992
0.53846153846153844,0.3571702523204654
0.5418060200668896,0.32321696761025481
0.54515050167224077,0.29094286209731707
0.54849498327759194,0.26054159272421079
0.55183946488294311,0.23220681643349467
0.55518394648829428,0.2061321901677273
0.55852842809364545,0.18251650304627107
0.56187290969899661,0.16158726232626586
0.56521739130434778,0.14358195895253972
0.56856187290969895,0.12873809389370347
0.57190635451505012,0.11729316811836807
0.57525083612040129,0.10948468259514443
0.57859531772575246,0.10555013829264323
0.58193979933110362,0.10572703617947554
0.58528428093645479,0.11025287722425219
0.58862876254180596,0.11936516239558394
0.59197324414715713,0.13330139266208185
0.5953177257525083,0.15229906899235668
0.59866220735785947,0.17659569235501932
0.60200668896321075,0.20642876371868185
0.60535117056856191,0.24203578405195297
0.60869565217391308,0.2836542543234446
0.61204013377926425,0.3315216755017677
0.61538461538461542,0.38587554855553274
0.61872909698996659,0.44695337445335104
0.62207357859531776,0.51499265416383322
0.62541806020066892,0.59023088865559037
0.62876254180602009,0.67290557889723335
0.63210702341137126,0.76325422585737279
0.63545150501672243,0.86151433050461967
0.6387959866220736,0.96792339380758496
0.64214046822742477,1.0827189167348794
0.64548494983277593,1.2061384002551141
0.6488294314381271,1.3384193453369
0.65217391304347827,1.4797992529488473
0.65551839464882944,1.6305156240595675
0.65886287625418061,1.7908059596376715
0.66220735785953178,1.9609077606517697
0.66555183946488294,2.1410585280704737
0.66889632107023411,2.3314437184147381
0.67224080267558528,2.5316437715015345
0.67558528428093645,2.7408487937904171
0.67892976588628762,2.9582423861849887
0.68227424749163879,3.183008149588848
0.68561872909698995,3.4143296849055971
0.68896321070234112,3.6513905930388355
0.69230769230769229,3.8933744748921661
0.69565217391304346,4.1394649313691874
0.69899665551839463,4.3888455633735006
0.7023411371237458,4.6406999718087052
0.70568561872909696,4.8942117575784039
0.70903010033444813,5.1485645215861959
0.7123745819397993,5.4029418647356806
0.71571906354515047,5.6565273879304625
0.71906354515050164,5.9085046920741382
0.72240802675585281,6.1580573780703114
0.72575250836120397,6.4043690468225813
0.72909698996655514,6.6466232992345464
0.73244147157190631,6.8840037362098103
0.73578595317725748,7.1156939586519714
0.73913043478260865,7.3408775674646334
0.74247491638795982,7.5587381635513964
0.74581939799331098,7.768459347815857
0.74916387959866215,7.9692247211616198
0.75250836120401332,8.1602178844922832
0.75585284280936449,8.3406224387114456
0.75919732441471566,8.509621984722715
0.76254180602006683,8.666400123429689
0.76588628762541799,8.810140455735965
0.76923076923076916,8.9400265825451442
0.77257525083612044,9.0552421047608362
0.77591973244147161,9.1549706232866246
0.77926421404682278,9.2384136836186919
0.78260869565217395,9.3053170570997956
0.78595317725752512,9.3560556973497313
0.78929765886287628,9.391039606020664
0.79264214046822745,9.4106787847647571
0.79598662207357862,9.4153832352341755
0.79933110367892979,9.4055629590810845
0.80267558528428096,9.3816279579576474
0.80602006688963213,9.3439882335160291
0.80936454849498329,9.2930537874083914
0.81270903010033446,9.229234621286901
0.81605351170568563,9.1529407368037177
0.8193979933110368,9.0645821356110137
0.82274247491638797,8.9645688193609452
0.82608695652173914,8.8533107897056844
0.8294314381270903,8.7312180482973893
0.83277591973244147,8.5987005967882233
0.83612040133779264,8.4561684368303549
0.83946488294314381,8.3040315700759475
0.84280936454849498,8.1426999981771626
0.84615384615384615,7.9725837227861671
0.84949832775919731,7.7940927455551243
0.85284280936454848,7.6076370681361984
0.85618729096989965,7.413626692181551
0.85953177257525082,7.2124716193433533
0.86287625418060199,7.0045818512737634
0.86622073578595316,6.7903673896249463
0.86956521739130432,6.5702382360490681
0.87290969899665549,6.344604392198292
0.87625418060200666,6.1138758597247831
0.87959866220735783,5.878462640280703
0.882943143812709,5.6387747355182203
0.88628762541806017,5.3952221470894948
0.88963210702341133,5.1482156131797296
0.8929765886287625,4.898285466526195
0.89632107023411367,4.6462128293656351
0.89966555183946484,4.3928104027888075
0.90301003344481601,4.1388908878864683
0.90635451505016718,3.885266985749376
0.90969899665551834,3.6327513974682848
0.91304347826086951,3.3821568241339524
0.91638795986622068,3.134295966837136
0.91973244147157185,2.8899815266685911
0.92307692307692302,2.6500262047190759
0.92642140468227419,2.415242702079345
0.92976588628762535,2.1864437198401556
0.93311036789297652,1.9644419590922646
0.93645484949832769,1.7500501209264292
0.93979933110367886,1.5440809064334053
0.94314381270903014,1.3473470167039436
0.94648829431438131,1.1606611528288135
0.94983277591973247,0.98483601589876435
0.95317725752508364,0.82068430700455341
0.95652173913043481,0.66901872723693767
0.95986622073578598,0.53065197768667338
0.96321070234113715,0.40639675944451692
0.96655518394648832,0.29706577360122477
0.96989966555183948,0.20347172124755364
0.97324414715719065,0.12642730347426095
0.97658862876254182,0.066745221372102231
0.97993311036789299,0.025238176031834397
0.98327759197324416,0.0027188685442155192
0.98662207357859533,0.0
0.98996655518394649,0.017894271489945462
0.99331103678929766,0.057214384104808169
0.99665551839464883,0.11877303893534522
1.0,0.20338293707231311
