6.9388939039072284e-18,0.13671975421631299
0.0033444816053511774,0.14275333065231832
0.006688963210702348,0.14817386714728409
0.010033444816053519,0.15300428411586775
0.013377926421404689,0.1572675019727269
0.016722408026755859,0.16098644113251903
0.020066889632107031,0.16418402200990168
0.023411371237458199,0.16688316501953232
0.026755852842809371,0.16910679057606853
0.030100334448160543,0.1708778190941678
0.033444816053511711,0.17221917098848766
0.03678929765886288,0.17315376667368562
0.040133779264214055,0.1737045265644192
0.043478260869565223,0.17389437107534594
0.046822742474916391,0.17374622062112333
0.050167224080267567,0.17328299561640892
0.053511705685618735,0.17252761647586021
0.056856187290969903,0.17150300361413473
0.060200668896321079,0.17023207744588997
0.063545150501672254,0.1687377583857835
0.066889632107023422,0.16704296684847281
0.070234113712374591,0.16517062324861545
0.073578595317725759,0.16314364800086889
0.076923076923076927,0.16098496151989072
0.080267558528428096,0.15871748422033838
0.083612040133779264,0.15636413651686945
0.086956521739130432,0.1539478388241414
0.090301003344481601,0.15149151155681181
0.093645484949832769,0.14901807512953816
0.096989966555183965,0.14655044995697794
0.10033444816053513,0.14411155645378873
0.1036789297658863,0.14172431503462804
0.10702341137123747,0.13941164611415341
0.11036789297658864,0.13719647010702229
0.11371237458193981,0.13509992994672279
0.11705685618729098,0.13312905236060385
0.12040133779264214,0.13128413244907819
0.12374581939799331,0.12956542385527173
0.12709030100334448,0.12797318022231038
0.13043478260869565,0.12650765519332005
0.13377926421404682,0.12516910241142667
0.13712374581939799,0.12395777551975619
0.14046822742474915,0.1228739281614345
0.14381270903010032,0.12191781397958752
0.14715719063545149,0.12108968661734118
0.15050167224080269,0.12038979971782141
0.15384615384615385,0.11981840692415413
0.15719063545150502,0.11937576187946525
0.16053511705685619,0.11906211822688068
0.16387959866220736,0.11887772960952638
0.16722408026755853,0.11882284967052822
0.1705685618729097,0.11889773205301218
0.17391304347826086,0.11910263040010415
0.17725752508361203,0.11943779835493004
0.1806020066889632,0.11990348956061578
0.18394648829431437,0.12049995766028732
0.18729096989966554,0.12122745629707055
0.19063545150501671,0.12208623911409139
0.1939799331103679,0.12307655975447576
0.19732441471571907,0.12419867186134961
0.20066889632107024,0.12545282907783886
0.20401337792642141,0.12683928504706937
0.20735785953177258,0.12835829341216715
0.21070234113712374,0.13001010781625805
0.21404682274247491,0.13179498190246802
0.21739130434782608,0.13371316931392299
0.22073578595317725,0.1357649236937489
0.22408026755852842,0.13794980742334645
0.22742474916387959,0.14025497335362616
0.23076923076923075,0.14265684042343013
0.23411371237458192,0.14513147364559717
0.23745819397993312,0.14765493803296606
0.24080267558528429,0.15020329859837556
0.24414715719063546,0.1527526203546645
0.24749163879598662,0.15527896831467164
0.25083612040133779,0.15775840749123582
0.25418060200668896,0.16016700289719582
0.25752508361204013,0.1624808195453904
0.2608695652173913,0.16467592244865839
0.26421404682274247,0.16672837661983855
0.26755852842809363,0.1686142470717697
0.2709030100334448,0.17030959881729063
0.27424749163879597,0.17179049686924011
0.27759197324414714,0.17303300624045698
0.28093645484949831,0.17401319194378001
0.28428093645484948,0.17470711899204797
0.28762541806020064,0.17509085239809968
0.29096989966555181,0.17514045717477394
0.29431438127090298,0.17483199833490948
0.29765886287625415,0.1741415408913452
0.30100334448160537,0.17304514985691977
0.30434782608695654,0.17151889024447209
0.30769230769230771,0.1695388270668409
0.31103678929765888,0.16708102533686503
0.31438127090301005,0.16412155006738324
0.31772575250836121,0.16063646627123432
0.32107023411371238,0.15660183896125712
0.32441471571906355,0.15199373315029033
0.32775919732441472,0.14678821385117283
0.33110367892976589,0.14096134607674338
0.33444816053511706,0.13448993200831411
0.33779264214046822,0.12739500393559722
0.34113712374581939,0.1197661508163249
0.34448160535117056,0.11169885895601606
0.34782608695652173,0.10328861466018961
0.3511705685618729,0.094630904234364516
0.35451505016722407,0.085821213984059563
0.35785953177257523,0.076955030214793774
0.3612040133779264,0.068127839232085971
0.36454849498327757,0.059435127341455077
0.36789297658862874,0.050972380848420096
0.37123745819397991,0.042835086058499797
0.37458193979933108,0.035118729277213157
0.37792642140468224,0.027918796810079097
0.38127090301003341,0.021330774962616442
0.38461538461538458,0.015450150040344182
0.38795986622073581,0.010372408348781087
0.39130434782608697,0.0061930361934463274
0.39464882943143814,0.0030075198798586167
0.39799331103678931,0.0009113457135367653
0.40133779264214048,0.0
0.40468227424749165,0.00036896904476688142
0.40802675585284282,0.0021137391533564975
0.41137123745819398,0.0053297966312877976
0.41471571906354515,0.010112627784079647
0.41806020066889632,0.01655771891725083
0.42140468227424749,0.024760556336320405
0.42474916387959866,0.0348166263468071
0.42809364548494983,0.046821415254230059
0.43143812709030099,0.060870409364107966
0.43478260869565216,0.077059094981959869
0.43812709030100333,0.095482958413304661
0.4414715719063545,0.11623748596366115
0.44481605351170567,0.13941809766838828
0.44816053511705684,0.16505420848341854
0.451505016722408,0.19298536935609267
0.45484949832775917,0.22301720091179808
0.45819397993311034,0.25495532377592156
0.46153846153846151,0.28860535857385011
0.46488294314381268,0.32377292593097079
0.46822742474916385,0.36026364647267062
0.47157190635451507,0.39788314082433701
0.47491638795986624,0.43643702961135578
0.47826086956521741,0.47573093345911466
0.48160535117056857,0.51557047299300063
0.48494983277591974,0.5557612688384006
0.48829431438127091,0.5961089416207016
0.49163879598662208,0.63641911196529055
0.49498327759197325,0.67649740049755458
0.49832775919732442,0.71614942784288038
0.50167224080267558,0.75518081462665521
0.50501672240802675,0.79339718147426597
0.50836120401337792,0.8306041490110998
0.51170568561872909,0.86660733786254318
0.51505016722408026,0.90121236865398369
0.51839464882943143,0.93422486201080845
0.52173913043478259,0.96545043855840396
0.52508361204013376,0.99469471892215711
0.52842809364548493,1.0217633237274553
0.5317725752508361,1.0464618735996851
0.53511705685618727,1.0685959891642336
0.53846153846153844,1.0879712910464887
0.5418060200668896,1.104393399871836
0.54515050167224077,1.1176679362656634
0.54849498327759194,1.1276005208533573
0.55183946488294311,1.1339967742603052
0.55518394648829428,1.1366623171118939
0.55852842809364545,1.1354478969674751
0.56187290969899661,1.1304567783118062
0.56521739130434778,1.121880011618374
0.56856187290969895,1.1099087354992072
0.57190635451505012,1.0947340885663348
0.57525083612040129,1.0765472094317854
0.57859531772575246,1.0555392367075886
0.58193979933110362,1.0319013090057727
0.58528428093645479,1.0058245649383666
0.58862876254180596,0.97750014311739997
0.59197324414715713,0.94711918215490098
0.5953177257525083,0.91487282066289866
0.59866220735785947,0.88095219725342222
0.60200668896321075,0.8455484505384987
0.60535117056856191,0.80885271913016044
0.60869565217391308,0.77105614164043468
0.61204013377926425,0.73234985668135
0.61538461538461542,0.69292500286493564
0.61872909698996659,0.65297271880322061
0.62207357859531776,0.61268414310823416
0.62541806020066892,0.5722504143920043
0.62876254180602009,0.53186267126656073
0.63210702341137126,0.49171205234393178
0.63545150501672243,0.45198969623614682
0.6387959866220736,0.41288674155523469
0.64214046822742477,0.37459432691322414
0.64548494983277593,0.33730359092214424
0.6488294314381271,0.30120567219402383
0.65217391304347827,0.26649170934089195
0.65551839464882944,0.23335284097477743
0.65886287625418061,0.20198020570770914
0.66220735785953178,0.17256494215171611
0.66555183946488294,0.14529818891882729
0.66889632107023411,0.12036581102875915
0.67224080267558528,0.097892367990596557
0.67558528428093645,0.077962867371081629
0.67892976588628762,0.060661657537917191
0.68227424749163879,0.0460730868588064
0.68561872909698995,0.034281503701452054
0.68896321070234112,0.025371256433557088
0.69230769230769229,0.01942669342282452
0.69565217391304346,0.016532163036957287
0.69899665551839463,0.016772013643658309
0.7023411371237458,0.020230593610630607
0.70568561872909696,0.026992251305577086
0.70903010033444813,0.03714133509620067
0.7123745819397993,0.050762193350204418
0.71571906354515047,0.067939174435291114
0.71906354515050164,0.088756626719163872
0.72240802675585281,0.11329889856952555
0.72575250836120397,0.141650338354079
0.72909698996655514,0.17389529444052743
0.73244147157190631,0.21011811519657364
0.73578595317725748,0.25040314898992055
0.73913043478260865,0.29483474418827121
0.74247491638795982,0.34349724915932855
0.74581939799331098,0.39647501227079546
0.74916387959866215,0.4538523818903748
0.75250836120401332,0.51571370638576974
0.75585284280936449,0.58214333412468311
0.75919732441471566,0.65322561347481778
0.76254180602006683,0.72904489280387708
0.76588628762541799,0.80968552047956344
0.76923076923076916,0.89523184486958018
0.77257525083612044,0.98576821434163331
0.77591973244147161,1.0813789772634197
0.77926421404682278,1.1821443028534184
0.78260869565217395,1.2880176145699753
0.78595317725752512,1.3988058044516845
0.78929765886287628,1.5143076021363087
0.79264214046822745,1.6343217372616095
0.79598662207357862,1.7586469394653494
0.79933110367892979,1.8870819383852904
0.80267558528428096,2.0194254636591946
0.80602006688963213,2.1554762449248241
0.80936454849498329,2.2950330118199411
0.81270903010033446,2.4378944939823057
0.81605351170568563,2.5838594210496835
0.8193979933110368,2.7327265226598345
0.82274247491638797,2.8842945284505195
0.82608695652173914,3.0383621680595039
0.8294314381270903,3.1947281711245483
0.83277591973244147,3.3531912672834134
0.83612040133779264,3.5135501861738634
0.83946488294314381,3.6756036574336584
0.84280936454849498,3.8391504107005625
0.84615384615384615,4.003989175612336
0.84949832775919731,4.1699186818067426
0.85284280936454848,4.3367376589215434
0.85618729096989965,4.5042448365944994
0.85953177257525082,4.6722389444633761
0.86287625418060199,4.8405187121659328
0.86622073578595316,5.0088828693399305
0.86956521739130432,5.177130145623134
0.87290969899665549,5.3450592706533042
0.87625418060200666,5.5124689740682058
0.87959866220735783,5.6791579855055954
0.882943143812709,5.8449250346032402
0.88628762541806017,6.0095688509988987
0.88963210702341133,6.1728880549902003
0.8929765886287625,6.334663512770498
0.89632107023411367,6.4946388602174832
0.89966555183946484,6.6525530452505928
0.90301003344481601,6.8081450157892691
0.90635451505016718,6.9611537197529527
0.90969899665551834,7.1113181050610841
0.91304347826086951,7.2583771196331019
0.91638795986622068,7.4020697113884468
0.91973244147157185,7.5421348282465583
0.92307692307692302,7.6783114181268814
0.92642140468227419,7.8103384289488531
0.92976588628762535,7.9379548086319094
0.93311036789297652,8.0608995050954952
0.93645484949832769,8.1789114662590521
0.93979933110367886,8.2917296400420177
0.94314381270903014,8.3990929743638389
0.94648829431438131,8.5007404171439411
0.94983277591973247,8.5964109163017781
0.95317725752508364,8.6858434197567806
0.95652173913043481,8.7687768754284026
0.95986622073578598,8.8449502312360657
0.96321070234113715,8.9141024350992275
0.96655518394648832,8.9759724349373187
0.96989966555183948,9.030299178669777
0.97324414715719065,9.0768216142160529
0.97658862876254182,9.1152786894955788
0.97993311036789299,9.145409352427798
0.98327759197324416,9.1669525509321517
0.98662207357859533,9.1796472329280761
0.98996655518394649,9.1832323463350161
0.99331103678929766,9.1774468390724078
0.99665551839464883,9.1620296590596926
1.0,9.1367197542163137
