6.9388939039072284e-18,0.49313015228412777
0.0033444816053511774,0.46351629106199754
0.006688963210702348,0.43689883883564878
0.010033444816053519,0.41316649917750731
0.013377926421404689,0.39220797565999904
0.016722408026755859,0.37391197185554992
0.020066889632107031,0.35816719133658559
0.023411371237458199,0.34486233767553232
0.026755852842809371,0.33388611444481581
0.030100334448160543,0.3251272252168621
0.033444816053511711,0.3184743735640968
0.03678929765886288,0.31381626305894617
0.040133779264214055,0.31104159727383596
0.043478260869565223,0.31003907978119211
0.046822742474916391,0.31069741415344038
0.050167224080267567,0.31290530396300698
0.053511705685618735,0.31655145278231756
0.056856187290969903,0.32152456418379805
0.060200668896321079,0.32771334173987449
0.063545150501672254,0.3350064890229727
0.066889632107023422,0.34329270960551861
0.070234113712374591,0.35246070705993804
0.073578595317725759,0.36239918495865703
0.076923076923076927,0.37299684687410134
0.080267558528428096,0.38414239637869702
0.083612040133779264,0.39572453704486993
0.086956521739130432,0.40763197244504601
0.090301003344481601,0.41975340615165102
0.093645484949832769,0.431977541737111
0.096989966555183965,0.44419308277385194
0.10033444816053513,0.4562887328342996
0.1036789297658863,0.46815319549087986
0.10702341137123747,0.47967517431601864
0.11036789297658864,0.49074337288214198
0.11371237458193981,0.50125484789617891
0.11705685618729098,0.51117299407784877
0.12040133779264214,0.52049284090407133
0.12374581939799331,0.5292096126770609
0.12709030100334448,0.5373185336990316
0.13043478260869565,0.54481482827219796
0.13377926421404682,0.5516937206987742
0.13712374581939799,0.55795043528097443
0.14046822742474915,0.56358019632101319
0.14381270903010032,0.56857822812110481
0.14715719063545149,0.57293975498346339
0.15050167224080269,0.57666000121030336
0.15384615384615385,0.57973419110383884
0.15719063545150502,0.58215754896628435
0.16053511705685619,0.58392529909985402
0.16387959866220736,0.58503266580676228
0.16722408026755853,0.58547487338922333
0.1705685618729097,0.58524714614945161
0.17391304347826086,0.58434470838966124
0.17725752508361203,0.58276278441206653
0.1806020066889632,0.58049659851888191
0.18394648829431437,0.57754137501232161
0.18729096989966554,0.57389233819459984
0.19063545150501671,0.56954471236793103
0.1939799331103679,0.56449372183452939
0.19732441471571907,0.55873459089660926
0.20066889632107024,0.55226254385638496
0.20401337792642141,0.5450728050160708
0.20735785953177258,0.53716059867788091
0.21070234113712374,0.52852114914402981
0.21404682274247491,0.51914968071673173
0.21739130434782608,0.50904141769820088
0.22073578595317725,0.49819158439065159
0.22408026755852842,0.48659926811974646
0.22742474916387959,0.47433290520809185
0.23076923076923075,0.46152091700639913
0.23411371237458192,0.44829370273338509
0.23745819397993312,0.43478166160776671
0.24080267558528429,0.42111519284826099
0.24414715719063546,0.40742469567358469
0.24749163879598662,0.39384056930245487
0.25083612040133779,0.38049321295358829
0.25418060200668896,0.36751302584570184
0.25752508361204013,0.35503040719751255
0.2608695652173913,0.34317575622773722
0.26421404682274247,0.33207947215509281
0.26755852842809363,0.32187195419829628
0.2709030100334448,0.31268360157606434
0.27424749163879597,0.30464481350711403
0.27759197324414714,0.29788598921016229
0.28093645484949831,0.29253752790392601
0.28428093645484948,0.28872982880712195
0.28762541806020064,0.28659329113846727
0.29096989966555181,0.28625831411667851
0.29431438127090298,0.28785529696047302
0.29765886287625415,0.29151463888856732
0.30100334448160537,0.2973667391196787
0.30434782608695654,0.30554199687252365
0.30769230769230771,0.31617081136581926
0.31103678929765888,0.32938358181828242
0.31438127090301005,0.34531070744863002
0.31772575250836121,0.3640825874755792
0.32107023411371238,0.38582962111784636
0.32441471571906355,0.41068220759414886
0.32775919732441472,0.43877074612320349
0.33110367892976589,0.47022563592372707
0.33444816053511706,0.50517429109384704
0.33779264214046822,0.54356501849632133
0.34113712374581939,0.58506850877908545
0.34448160535117056,0.6293315716253588
0.34782608695652173,0.67600101671836121
0.3511705685618729,0.72472365374131176
0.35451505016722407,0.77514629237743005
0.35785953177257523,0.82691574230993559
0.3612040133779264,0.87967881322204811
0.36454849498327757,0.93308231479698678
0.36789297658862874,0.98677305671797089
0.37123745819397991,1.0403978486682206
0.37458193979933108,1.0936035003309548
0.37792642140468224,1.1460368213893934
0.38127090301003341,1.1973446215267554
0.38461538461538458,1.247173710426261
0.38795986622073581,1.2951708977711298
0.39130434782608697,1.3409829932445798
0.39464882943143814,1.3842568065298315
0.39799331103678931,1.4246391473101048
0.40133779264214048,1.4617768252686183
0.40468227424749165,1.4953166500885922
0.40802675585284282,1.5249054314532455
0.41137123745819398,1.5501899790457978
0.41471571906354515,1.5708171025494686
0.41806020066889632,1.5864336116474782
0.42140468227424749,1.5966863160230444
0.42474916387959866,1.6012220253593887
0.42809364548494983,1.5996875493397291
0.43143812709030099,1.5917296976472854
0.43478260869565216,1.5769952799652771
0.43812709030100333,1.5551311059769242
0.4414715719063545,1.5257839853654458
0.44481605351170567,1.4886009895103998
0.44816053511705684,1.4434898393444171
0.451505016722408,1.3911080158097253
0.45484949832775917,1.3322469883738242
0.45819397993311034,1.2676982265042152
0.46153846153846151,1.1982531996683994
0.46488294314381268,1.124703377333877
0.46822742474916385,1.0478402289681492
0.47157190635451507,0.96845522403871576
0.47491638795986624,0.88733983201308075
0.47826086956521741,0.80528552235874262
0.48160535117056857,0.72308376454320311
0.48494983277591974,0.64152602803396297
0.48829431438127091,0.56140378229852339
0.49163879598662208,0.4835084968043844
0.49498327759197325,0.40863164101904803
0.49832775919732442,0.3375646844100143
0.50167224080267558,0.2710990964447848
0.50501672240802675,0.21002634659085995
0.50836120401337792,0.15513790431574082
0.51170568561872909,0.10722523908692905
0.51505016722408026,0.067079820371924115
0.51839464882943143,0.035493117638228155
0.52173913043478259,0.013256600353341141
0.52508361204013376,0.0011617379847651543
0.52842809364548493,0.0
0.5317725752508361,0.010562855866547649
0.53511705685618727,0.033641775051907963
0.53846153846153844,0.070028227023582357
0.5418060200668896,0.12051368124907214
0.54515050167224077,0.18588960719587749
0.54849498327759194,0.26694747433150018
0.55183946488294311,0.36447875212343983
0.55518394648829428,0.47927491003919892
0.55852842809364545,0.61189707040639019
0.56187290969899661,0.76161740134212408
0.56521739130434778,0.92725997379294878
0.56856187290969895,1.1076484088086569
0.57190635451505012,1.3016063274390381
0.57525083612040129,1.5079573507338828
0.57859531772575246,1.7255250997429825
0.58193979933110362,1.9531331955161277
0.58528428093645479,2.1896052591031108
0.58862876254180596,2.4337649115537214
0.59197324414715713,2.6844357739177487
0.5953177257525083,2.9404414672449866
0.59866220735785947,3.2006056125852242
0.60200668896321075,3.4637518309882624
0.60535117056856191,3.7287037435038739
0.60869565217391308,3.9942849711818584
0.61204013377926425,4.2593191350720065
0.61538461538461542,4.5226298562241078
0.61872909698996659,4.7830407556879546
0.62207357859531776,5.0393754545133396
0.62541806020066892,5.290457573750051
0.62876254180602009,5.5351107344478798
0.63210702341137126,5.7721585576566188
0.63545150501672243,6.000424664426057
0.6387959866220736,6.2187326758059847
0.64214046822742477,6.4259062128461961
0.64548494983277593,6.6207688965964788
0.6488294314381271,6.8021443481066264
0.65217391304347827,6.9688561884264262
0.65551839464882944,7.1197280386056718
0.65886287625418061,7.2535835196941543
0.66220735785953178,7.3692462527416644
0.66555183946488294,7.465539858797988
0.66889632107023411,7.5413938882856719
0.67224080267558528,7.5969693205854281
0.67558528428093645,7.6332216053735706
0.67892976588628762,7.6511194334980148
0.68227424749163879,7.6516314958066678
0.68561872909698995,7.6357264831474394
0.68896321070234112,7.6043730863682439
0.69230769230769229,7.5585399963169886
0.69565217391304346,7.4991959038415841
0.69899665551839463,7.4273094997899411
0.7023411371237458,7.3438494750099688
0.70568561872909696,7.2497845203495777
0.70903010033444813,7.1460833266566794
0.7123745819397993,7.0337145847791813
0.71571906354515047,6.9136469855649985
0.71906354515050164,6.7868492198620354
0.72240802675585281,6.6542899785182072
0.72575250836120397,6.5169379523814221
0.72909698996655514,6.3757618322995908
0.73244147157190631,6.2317303091206213
0.73578595317725748,6.085812073692427
0.73913043478260865,5.938975816862917
0.74247491638795982,5.792190229480001
0.74581939799331098,5.6464240023915897
0.74916387959866215,5.5026458264455931
0.75250836120401332,5.3618243924899236
0.75585284280936449,5.2249283913724867
0.75919732441471566,5.0929265139411966
0.76254180602006683,4.9667874510439631
0.76588628762541799,4.8474798935286953
0.76923076923076916,4.7359725322433039
0.77257525083612044,4.633234058035697
0.77591973244147161,4.5402331617537897
0.77926421404682278,4.4579183971701148
0.78260869565217395,4.3866275983181175
0.78595317725752512,4.3259925430259276
0.78929765886287628,4.2756056788963326
0.79264214046822745,4.2350594535321182
0.79598662207357862,4.2039463145360738
0.79933110367892979,4.1818587095109878
0.80267558528428096,4.168389086059646
0.80602006688963213,4.1631298917848385
0.80936454849498329,4.165673574289352
0.81270903010033446,4.1756125811759741
0.81605351170568563,4.1925393600474914
0.8193979933110368,4.2160463585066941
0.82274247491638797,4.2457260241563688
0.82608695652173914,4.281170804599304
0.8294314381270903,4.3219731474382854
0.83277591973244147,4.3677255002761033
0.83612040133779264,4.4180203107155442
0.83946488294314381,4.4724500263593949
0.84280936454849498,4.5306070948104464
0.84615384615384615,4.5920839636714836
0.84949832775919731,4.6564730805452959
0.85284280936454848,4.7233668930346697
0.85618729096989965,4.7923578487423937
0.85953177257525082,4.8630383952712561
0.86287625418060199,4.935000980224042
0.86622073578595316,5.0078380512035432
0.86956521739130432,5.0811420558125446
0.87290969899665549,5.1545054416538356
0.87625418060200666,5.2275206563302037
0.87959866220735783,5.2997801474444346
0.882943143812709,5.3708763625993203
0.88628762541806017,5.440401749397644
0.88963210702341133,5.507947717970838
0.8929765886287625,5.5729372190386144
0.89632107023411367,5.6344399443233613
0.89966555183946484,5.6914811039630031
0.90301003344481601,5.7430859080954635
0.90635451505016718,5.7882795668586695
0.90969899665551834,5.8260872903905438
0.91304347826086951,5.8555342888290101
0.91638795986622068,5.8756457723119953
0.91973244147157185,5.8854469509774212
0.92307692307692302,5.8839630349632168
0.92642140468227419,5.8702192344073021
0.92976588628762535,5.8432407594476032
0.93311036789297652,5.8020528202220438
0.93645484949832769,5.745680626868551
0.93979933110367886,5.6731493895250482
0.94314381270903014,5.5834843183294556
0.94648829431438131,5.4757106234197037
0.94983277591973247,5.3488535149337153
0.95317725752508364,5.201938203009413
0.95652173913043481,5.0339898977847239
0.95986622073578598,4.8440338093975699
0.96321070234113715,4.6310951479858806
0.96655518394648832,4.3941991236875744
0.96989966555183948,4.1323709466405791
0.97324414715719065,3.844635826982818
0.97658862876254182,3.5300189748522159
0.97993311036789299,3.1875456003866982
0.98327759197324416,2.8162409137241875
0.98662207357859533,2.4151301250026118
0.98996655518394649,1.9832384443598923
0.99331103678929766,1.5195910819339555
0.99665551839464883,1.0232132478627247
1.0,0.49313015228412427
