(8, 1.0, 0.0, 1.0)
0.0
(10, 1.2, 0.16, 1.0)
0.0
(8, 1.0, 0.0, 1.0)
0.0
(13, 1.0, 0.0, 1.0)
0.0
(13, 1.0, 0.0, 1.0)
0.0
(13, 1.0, 0.0, 1.0)
0.0
(12, 1.0, 0.0, 1.0)
0.0
(8, 1.0, 0.0, 1.0)
0.0
(7, 1.0, 0.0, 1.0)
0.0
(7, 1.1428571428571428, 0.12244897959183677, 1.0)
0.0
(9, 1.5555555555555556, 0.91358024691358031, 1.0)
0.0
(9, 1.0, 0.0, 1.0)
0.0
(7, 3.2857142857142856, 0.2040816326530612, 3.0)
0.0
(8, 1.0, 0.0, 1.0)
0.0
(7, 1.1428571428571428, 0.12244897959183675, 1.0)
0.0
(13, 1.0769230769230769, 0.071005917159763343, 1.0)
0.0
(9, 5.2222222222222223, 5.7283950617283947, 5.0)
0.0
(12, 2.0, 0.16666666666666666, 2.0)
0.0
(10, 1.1000000000000001, 0.089999999999999997, 1.0)
0.0
(13, 1.0769230769230769, 0.071005917159763329, 1.0)
0.0
(13, 1.2307692307692308, 0.1775147928994083, 1.0)
0.0
(14, 1.9285714285714286, 0.066326530612244888, 2.0)
0.0
(13, 7.3076923076923075, 7.7514792899408329, 7.0)
0.0
(12, 1.0, 0.0, 1.0)
0.0
(9, 2.4444444444444446, 1.5802469135802473, 2.0)
0.0
(11, 1.1818181818181819, 0.14876033057851246, 1.0)
0.0
(10, 1.2, 0.16000000000000006, 1.0)
0.0
(11, 1.1818181818181819, 0.33057851239669417, 1.0)
0.0
(13, 1.0, 0.0, 1.0)
0.0
(9, 2.8888888888888888, 0.32098765432098769, 3.0)
0.0
(10, 1.1000000000000001, 0.089999999999999997, 1.0)
0.0
(8, 1.375, 0.234375, 1.0)
0.0
(10, 1.0, 0.0, 1.0)
0.0
(8, 1.0, 0.0, 1.0)
0.0
(13, 1.0769230769230769, 0.071005917159763343, 1.0)
0.0
(13, 3.6923076923076925, 0.98224852071005908, 4.0)
0.0
(10, 1.1000000000000001, 0.089999999999999997, 1.0)
0.0
(12, 1.1666666666666667, 0.30555555555555552, 1.0)
0.0
(10, 7.2999999999999998, 6.0099999999999998, 7.5)
0.0
(10, 1.0, 0.0, 1.0)
0.0
(8, 1.0, 0.0, 1.0)
0.0
(12, 4.0, 0.33333333333333331, 4.0)
0.0
(11, 1.0, 0.0, 1.0)
0.0
(9, 1.0, 0.0, 1.0)
0.0
(8, 1.0, 0.0, 1.0)
0.0
(9, 1.1111111111111112, 0.098765432098765482, 1.0)
0.0
(8, 2.0, 0.75, 2.0)
0.0
(8, 1.75, 1.1875, 1.0)
0.0
(12, 1.0, 0.0, 1.0)
0.0
(11, 1.0, 0.0, 1.0)
0.0
(8, 1.0, 0.0, 1.0)
0.0
(14, 3.4285714285714284, 0.38775510204081642, 3.5)
0.0
(14, 1.0, 0.0, 1.0)
0.0
(10, 3.1000000000000001, 0.089999999999999997, 3.0)
0.0
(10, 1.1000000000000001, 0.089999999999999997, 1.0)
0.0
(11, 1.0, 0.0, 1.0)
0.0
(9, 1.0, 0.0, 1.0)
0.0
(8, 3.0, 0.0, 3.0)
0.0
(13, 1.0, 0.0, 1.0)
0.0
(14, 3.1428571428571428, 0.26530612244897939, 3.0)
0.0
(14, 1.0, 0.0, 1.0)
0.0
(13, 1.0, 0.0, 1.0)
0.0
(10, 1.0, 0.0, 1.0)
0.0
(12, 2.8333333333333335, 2.1388888888888888, 2.0)
0.0
(10, 1.0, 0.0, 1.0)
0.0
(13, 1.0, 0.0, 1.0)
0.0
(10, 1.0, 0.0, 1.0)
0.0
(12, 3.5833333333333335, 2.4097222222222223, 3.0)
0.0
(8, 3.125, 0.109375, 3.0)
0.0
(13, 1.0769230769230769, 0.071005917159763329, 1.0)
0.0
(9, 1.0, 0.0, 1.0)
0.0
(10, 1.1000000000000001, 0.089999999999999997, 1.0)
0.0
(11, 2.0, 1.0909090909090908, 2.0)
0.0
(10, 1.0, 0.0, 1.0)
0.0
(13, 1.0, 0.0, 1.0)
0.0
(10, 1.1000000000000001, 0.089999999999999997, 1.0)
0.0
(10, 1.8999999999999999, 0.089999999999999997, 2.0)
0.0
(10, 1.0, 0.0, 1.0)
0.0
(13, 1.0, 0.0, 1.0)
0.0
(11, 1.0909090909090908, 0.082644628099173542, 1.0)
0.0
(13, 6.0, 3.3846153846153846, 5.0)
0.0
(11, 1.9090909090909092, 0.26446280991735538, 2.0)
0.0
(13, 1.0, 0.0, 1.0)
0.0
(9, 3.0, 0.0, 3.0)
0.0
(8, 1.0, 0.0, 1.0)
0.0
(11, 1.1818181818181819, 0.1487603305785124, 1.0)
0.0
(14, 1.0714285714285714, 0.066326530612244874, 1.0)
0.0
(13, 1.0, 0.0, 1.0)
0.0
(13, 1.2307692307692308, 0.1775147928994083, 1.0)
0.0
(7, 3.0, 0.0, 3.0)
0.0
(13, 1.0769230769230769, 0.071005917159763329, 1.0)
0.0
(12, 1.0, 0.0, 1.0)
0.0
(12, 1.3333333333333333, 1.2222222222222221, 1.0)
0.0
(13, 1.0, 0.0, 1.0)
0.0
(13, 1.9230769230769231, 0.071005917159763315, 2.0)
0.0
(9, 1.1111111111111112, 0.09876543209876544, 1.0)
0.0
(13, 1.0, 0.0, 1.0)
0.0
(8, 1.0, 0.0, 1.0)
0.0
(13, 1.0769230769230769, 0.071005917159763357, 1.0)
0.0
(13, 1.1538461538461537, 0.28402366863905332, 1.0)
0.0
(8, 1.375, 0.984375, 1.0)
0.0
(13, 1.6153846153846154, 0.85207100591715956, 1.0)
0.0
(13, 4.6923076923076925, 1.136094674556213, 5.0)
0.0
(9, 1.0, 0.0, 1.0)
0.0
(9, 1.0, 0.0, 1.0)
0.0
(8, 1.0, 0.0, 1.0)
0.0
(8, 3.0, 1.0, 3.0)
0.0
(14, 1.2142857142857142, 0.16836734693877545, 1.0)
0.0
(12, 1.1666666666666667, 0.30555555555555552, 1.0)
0.0
(8, 1.125, 0.109375, 1.0)
0.0
(10, 1.3999999999999999, 0.44000000000000011, 1.0)
0.0
(12, 1.0, 0.0, 1.0)
0.0
(12, 1.25, 0.35416666666666669, 1.0)
0.0
(11, 3.0, 0.0, 3.0)
0.0
(10, 1.1000000000000001, 0.089999999999999997, 1.0)
0.0
(8, 1.125, 0.109375, 1.0)
0.0
(14, 1.0, 0.0, 1.0)
0.0
(8, 1.0, 0.0, 1.0)
0.0
(13, 1.0, 0.0, 1.0)
0.0
(8, 2.0, 0.0, 2.0)
0.0
(8, 3.0, 0.0, 3.0)
0.0
(14, 4.0, 0.0, 4.0)
0.0
(13, 1.6923076923076923, 0.36686390532544372, 2.0)
0.0
(8, 1.0, 0.0, 1.0)
0.0
(13, 1.0, 0.0, 1.0)
0.0
(10, 1.8999999999999999, 0.089999999999999997, 2.0)
0.0
(9, 1.4444444444444444, 1.5802469135802473, 1.0)
0.0
(8, 1.25, 0.1875, 1.0)
0.0
(12, 1.1666666666666667, 0.30555555555555547, 1.0)
0.0
(13, 1.6923076923076923, 3.4437869822485201, 1.0)
0.0
(8, 1.625, 0.234375, 2.0)
0.0
(14, 1.4285714285714286, 0.53061224489795922, 1.0)
0.0
(13, 1.8461538461538463, 0.13017751479289943, 2.0)
0.0
(13, 1.0, 0.0, 1.0)
0.0
(10, 1.0, 0.0, 1.0)
0.0
(11, 1.0, 0.0, 1.0)
0.0
(12, 1.1666666666666667, 0.13888888888888898, 1.0)
0.0
(8, 1.125, 0.109375, 1.0)
0.0
(8, 3.625, 0.984375, 4.0)
0.0
(9, 1.1111111111111112, 0.098765432098765482, 1.0)
0.0
(13, 2.1538461538461537, 0.13017751479289941, 2.0)
0.0
(8, 1.125, 0.109375, 1.0)
0.0
(9, 1.0, 0.0, 1.0)
0.0
(10, 1.7, 1.01, 1.0)
0.0
(12, 1.0833333333333333, 0.076388888888888881, 1.0)
0.0
(11, 5.8181818181818183, 54.330578512396691, 3.0)
0.0
(13, 1.0769230769230769, 0.071005917159763315, 1.0)
0.0
(10, 1.1000000000000001, 0.089999999999999997, 1.0)
0.0
(9, 2.0, 0.0, 2.0)
0.0
(9, 1.1111111111111112, 0.098765432098765454, 1.0)
0.0
(8, 1.0, 0.0, 1.0)
0.0
(12, 1.25, 0.35416666666666669, 1.0)
0.0
(10, 1.1000000000000001, 0.089999999999999997, 1.0)
0.0
(9, 1.2222222222222223, 0.39506172839506182, 1.0)
0.0
(14, 1.1428571428571428, 0.12244897959183676, 1.0)
0.0
(9, 1.0, 0.0, 1.0)
0.0
A-Woman-in-Tears-1937 False True
(14, 1.0714285714285714, 0.066326530612244888, 1.0)
0.0
(14, 1.3571428571428572, 0.2295918367346938, 1.0)
0.0
(8, 1.125, 0.109375, 1.0)
0.0
(10, 1.0, 0.0, 1.0)
0.0
(9, 4.5555555555555554, 4.0246913580246915, 4.0)
0.0
(12, 3.8333333333333335, 1.3055555555555558, 4.0)
0.0
(11, 1.0, 0.0, 1.0)
0.0
(10, 1.1000000000000001, 0.089999999999999997, 1.0)
0.0
(14, 1.1428571428571428, 0.2653061224489795, 1.0)
0.0
(11, 1.0, 0.0, 1.0)
0.0
(14, 2.0, 0.0, 2.0)
0.0
(11, 1.0909090909090908, 0.082644628099173556, 1.0)
0.0
(12, 1.0833333333333333, 0.076388888888888881, 1.0)
0.0
(10, 1.0, 0.0, 1.0)
0.0
(8, 1.0, 0.0, 1.0)
0.0
(13, 1.1538461538461537, 0.13017751479289941, 1.0)
0.0
(8, 1.125, 0.109375, 1.0)
0.0
(14, 1.0, 0.0, 1.0)
0.0
(13, 1.0769230769230769, 0.071005917159763329, 1.0)
0.0
(10, 1.2, 0.16, 1.0)
0.0
(14, 1.2142857142857142, 0.16836734693877548, 1.0)
0.0
(13, 1.0, 0.0, 1.0)
0.0
(13, 1.3076923076923077, 0.52071005917159752, 1.0)
0.0
(9, 1.0, 0.0, 1.0)
0.0
(14, 1.0714285714285714, 0.066326530612244847, 1.0)
0.0
(10, 1.0, 0.0, 1.0)
0.0
(7, 1.0, 0.0, 1.0)
0.0
(13, 1.0, 0.0, 1.0)
0.0
(11, 1.0909090909090908, 0.082644628099173556, 1.0)
0.0
(10, 1.0, 0.0, 1.0)
0.0
(13, 1.0, 0.0, 1.0)
0.0
(10, 3.0, 0.0, 3.0)
0.0
(13, 1.0769230769230769, 0.071005917159763329, 1.0)
0.0
(10, 1.1000000000000001, 0.089999999999999997, 1.0)
0.0
(7, 1.0, 0.0, 1.0)
0.0
(8, 2.75, 0.6875, 3.0)
0.0
(8, 1.25, 0.4375, 1.0)
0.0
(10, 2.7999999999999998, 0.76000000000000001, 2.5)
0.0
(14, 1.3571428571428572, 0.65816326530612235, 1.0)
0.0
(10, 2.0, 0.0, 2.0)
0.0
(10, 1.2, 0.16000000000000006, 1.0)
0.0
(14, 1.2857142857142858, 0.48979591836734693, 1.0)
0.0
(10, 2.2000000000000002, 0.15999999999999998, 2.0)
0.0
(8, 1.125, 0.109375, 1.0)
0.0
(12, 1.1666666666666667, 0.13888888888888892, 1.0)
0.0
(8, 1.0, 0.0, 1.0)
0.0
(12, 1.9166666666666667, 0.24305555555555558, 2.0)
0.0
(13, 1.2307692307692308, 0.17751479289940827, 1.0)
0.0
(9, 1.1111111111111112, 0.098765432098765454, 1.0)
0.0
(8, 1.0, 0.0, 1.0)
0.0
(9, 1.2222222222222223, 0.39506172839506182, 1.0)
0.0
(13, 1.0, 0.0, 1.0)
0.0
(12, 1.0833333333333333, 0.076388888888888881, 1.0)
0.0
(8, 1.0, 0.0, 1.0)
0.0
(13, 1.4615384615384615, 0.86390532544378673, 1.0)
0.0
(10, 1.1000000000000001, 0.089999999999999997, 1.0)
0.0
(8, 1.0, 0.0, 1.0)
0.0
(10, 1.0, 0.0, 1.0)
0.0
(9, 1.8888888888888888, 1.654320987654321, 1.0)
0.0
(12, 1.0, 0.0, 1.0)
0.0
(12, 2.5833333333333335, 0.24305555555555558, 3.0)
0.0
